NaN,NaN,NaN,NaN,NaN,NaN,NaN,NaN,NaN,NaN,NaN,NaN,NaN,0.41373,0.42496,0.26194,0.21402,0.26875,0.40602,0.46674,0.46997,0.44348,0.40406,0.35554,0.31985,0.33715,0.34981,0.38608,0.43547,0.46057,0.43923,0.37844
NaN,NaN,NaN,NaN,NaN,NaN,NaN,NaN,NaN,NaN,NaN,NaN,NaN,0.37175,0.38671,0.23356,0.20348,0.24242,0.37638,0.44197,0.48316,0.46791,0.41959,0.3401,0.26266,0.24469,0.27208,0.31681,0.38844,0.41154,0.40081,0.36878
NaN,NaN,NaN,NaN,NaN,NaN,NaN,NaN,NaN,NaN,NaN,NaN,NaN,0.29682,0.3138,0.17103,0.15623,0.20135,0.35183,0.45363,0.52019,0.51983,0.45729,0.36531,0.26577,0.1976,0.19986,0.23172,0.30813,0.35818,0.36702,0.36506
NaN,NaN,NaN,NaN,NaN,NaN,NaN,NaN,NaN,NaN,NaN,NaN,NaN,0.2594,0.23792,0.085561,0.070167,0.12499,0.30266,0.45303,0.54775,0.56389,0.49065,0.38877,0.29418,0.19331,0.14616,0.16799,0.2367,0.30519,0.34515,0.36499
NaN,NaN,NaN,NaN,NaN,NaN,NaN,NaN,NaN,NaN,NaN,NaN,NaN,NaN,0.18904,0.0080956,-0.0092629,0.069319,0.23083,0.38035,0.51439,0.56658,0.53411,0.45644,0.36664,0.21152,0.093336,0.097663,0.1807,0.24338,0.33198,0.34839
NaN,NaN,NaN,NaN,NaN,NaN,NaN,NaN,NaN,NaN,NaN,NaN,NaN,NaN,0.14327,-0.053644,NaN,0.02936,0.17019,0.29773,0.46638,0.55095,0.57192,0.50157,0.3849,0.19698,0.018918,0.004101,0.070076,0.16208,0.29163,0.2876
NaN,NaN,NaN,NaN,NaN,NaN,NaN,NaN,NaN,NaN,NaN,NaN,NaN,NaN,NaN,NaN,NaN,NaN,0.20538,0.24104,0.35473,0.44482,0.50751,0.45396,0.35661,0.18477,-0.035589,-0.082296,-0.034013,0.017986,0.15353,0.19401
NaN,NaN,NaN,NaN,NaN,NaN,NaN,NaN,NaN,NaN,NaN,NaN,NaN,NaN,NaN,NaN,NaN,NaN,NaN,NaN,0.3684,0.40019,0.43358,NaN,NaN,NaN,NaN,-0.13139,-0.14136,-0.15129,-0.013046,0.11991
NaN,NaN,NaN,NaN,NaN,NaN,NaN,NaN,NaN,NaN,NaN,NaN,NaN,NaN,NaN,NaN,NaN,NaN,NaN,NaN,NaN,NaN,NaN,NaN,NaN,NaN,NaN,NaN,NaN,NaN,-0.097024,0.00371
NaN,NaN,NaN,NaN,NaN,NaN,NaN,NaN,NaN,NaN,NaN,NaN,NaN,NaN,NaN,NaN,NaN,NaN,NaN,NaN,NaN,NaN,NaN,NaN,NaN,NaN,NaN,NaN,NaN,NaN,NaN,-0.059506
NaN,NaN,NaN,NaN,NaN,NaN,NaN,NaN,NaN,NaN,NaN,NaN,NaN,NaN,NaN,NaN,NaN,NaN,NaN,NaN,NaN,NaN,NaN,NaN,NaN,NaN,NaN,NaN,NaN,NaN,NaN,NaN
NaN,NaN,NaN,NaN,NaN,NaN,NaN,NaN,NaN,NaN,NaN,NaN,NaN,NaN,NaN,NaN,NaN,NaN,NaN,NaN,NaN,NaN,NaN,NaN,NaN,NaN,NaN,NaN,NaN,NaN,NaN,NaN
NaN,NaN,NaN,NaN,NaN,NaN,NaN,NaN,NaN,NaN,NaN,NaN,NaN,NaN,NaN,NaN,NaN,NaN,NaN,NaN,NaN,NaN,NaN,NaN,NaN,NaN,NaN,NaN,NaN,NaN,NaN,NaN
NaN,NaN,NaN,NaN,NaN,NaN,NaN,NaN,NaN,NaN,NaN,NaN,NaN,NaN,NaN,NaN,NaN,NaN,NaN,NaN,NaN,NaN,NaN,NaN,NaN,NaN,NaN,NaN,NaN,NaN,NaN,NaN
NaN,NaN,NaN,NaN,NaN,NaN,NaN,NaN,NaN,NaN,NaN,NaN,NaN,NaN,NaN,NaN,NaN,NaN,NaN,NaN,NaN,NaN,NaN,NaN,NaN,NaN,NaN,NaN,NaN,NaN,NaN,NaN
NaN,NaN,NaN,NaN,NaN,NaN,NaN,NaN,NaN,NaN,NaN,NaN,NaN,NaN,NaN,NaN,NaN,NaN,NaN,NaN,NaN,NaN,NaN,NaN,NaN,NaN,NaN,NaN,NaN,NaN,NaN,NaN
NaN,NaN,NaN,NaN,NaN,NaN,NaN,NaN,NaN,NaN,NaN,NaN,NaN,NaN,NaN,NaN,NaN,NaN,NaN,NaN,NaN,NaN,NaN,NaN,NaN,NaN,NaN,NaN,NaN,NaN,NaN,NaN
NaN,NaN,NaN,NaN,NaN,NaN,NaN,NaN,NaN,NaN,NaN,NaN,NaN,NaN,NaN,NaN,0.11277,NaN,NaN,NaN,NaN,NaN,NaN,NaN,NaN,NaN,NaN,NaN,NaN,NaN,NaN,0.22902
NaN,NaN,NaN,NaN,NaN,NaN,NaN,NaN,NaN,NaN,NaN,NaN,NaN,NaN,NaN,NaN,0.12573,NaN,NaN,NaN,NaN,NaN,NaN,NaN,NaN,NaN,NaN,NaN,NaN,0.35337,0.33296,0.24287
NaN,NaN,0.27245,0.16741,NaN,NaN,NaN,NaN,NaN,NaN,NaN,NaN,NaN,NaN,NaN,NaN,NaN,NaN,NaN,NaN,NaN,NaN,NaN,NaN,NaN,NaN,0.2725,0.37822,0.42848,0.37524,0.28363,0.20641
NaN,NaN,NaN,0.16724,0.073811,0.096822,NaN,NaN,NaN,NaN,NaN,NaN,NaN,NaN,NaN,NaN,NaN,NaN,NaN,NaN,NaN,NaN,NaN,NaN,NaN,0.3418,0.39724,0.43503,0.43356,0.36236,0.23536,0.20632
NaN,NaN,NaN,NaN,NaN,0.18522,0.23425,0.2131,NaN,NaN,NaN,NaN,NaN,NaN,NaN,NaN,NaN,NaN,0.62732,0.65551,NaN,NaN,NaN,NaN,NaN,0.48585,0.49156,0.4663,0.43123,0.3484,0.25046,0.18835
NaN,NaN,NaN,NaN,NaN,NaN,0.28258,0.29338,NaN,NaN,NaN,NaN,NaN,NaN,NaN,NaN,NaN,0.71543,0.69478,0.692,0.68222,0.65536,0.62721,0.59671,0.57961,0.55239,0.53918,0.52981,0.46743,0.36521,0.30287,0.2173
NaN,NaN,NaN,NaN,NaN,NaN,NaN,NaN,NaN,NaN,NaN,NaN,NaN,NaN,NaN,NaN,0.73307,0.71466,0.69669,0.68437,0.67728,0.68746,0.69544,0.66088,0.61267,0.55538,0.54459,0.56018,0.48596,0.37167,0.33722,0.23849
NaN,NaN,NaN,NaN,NaN,NaN,NaN,NaN,NaN,0.4729,NaN,NaN,NaN,NaN,NaN,0.69317,0.69538,0.66343,0.65887,0.63018,0.63278,0.67034,0.67985,0.58756,0.57842,NaN,NaN,NaN,NaN,0.35825,0.35998,0.22467
NaN,NaN,NaN,NaN,NaN,NaN,NaN,NaN,NaN,0.50895,NaN,NaN,NaN,NaN,0.61712,0.64505,0.64093,0.62492,0.62761,0.57518,0.57721,0.63862,0.64691,0.51409,NaN,NaN,NaN,NaN,NaN,0.44101,0.32734,0.17717
0.23358,NaN,NaN,NaN,NaN,NaN,NaN,NaN,0.53067,0.54057,NaN,NaN,NaN,0.53396,0.57567,0.56464,0.58352,0.60372,0.58161,0.51187,0.52501,0.5807,0.60314,NaN,NaN,NaN,0.4952,0.49463,0.53237,0.46423,0.27577,0.13463
NaN,0.28088,NaN,NaN,NaN,NaN,NaN,NaN,0.50725,0.51534,NaN,0.55902,0.60468,0.59156,0.55753,0.52543,0.53944,0.56564,0.5404,0.49516,0.5077,0.55176,0.56593,0.54802,0.56157,0.53658,0.48874,0.48478,0.50633,0.44625,0.31197,0.20084
NaN,NaN,0.22397,NaN,NaN,NaN,NaN,NaN,0.52416,0.51563,0.52637,0.59964,0.6149,0.60275,0.55729,0.50314,0.49728,0.5367,0.53033,0.54883,0.54361,0.55387,0.58586,0.61592,0.61615,0.59145,0.51819,0.47073,0.47218,0.45108,0.40418,0.3151
NaN,NaN,0.24639,NaN,NaN,NaN,NaN,0.51196,0.56955,0.57466,0.59838,0.62297,0.59028,0.57901,0.55552,0.4811,0.47192,0.5412,0.5646,0.60933,0.59907,0.59863,0.60384,0.63759,0.64712,0.62865,0.58019,0.51933,0.48833,0.46841,0.44769,0.35468
NaN,NaN,0.30817,NaN,NaN,NaN,0.48549,0.56505,0.60151,0.64091,0.66121,0.65119,0.59183,0.582,0.56222,0.49624,0.48851,0.56485,0.60244,0.65267,0.66354,0.6403,0.6195,0.64374,0.64453,0.6419,0.6385,0.59444,0.52391,0.4838,0.46665,0.3645
NaN,NaN,NaN,0.29063,NaN,0.36121,0.47282,0.55606,0.58181,0.63545,0.67938,0.68192,0.64019,0.61969,0.59977,0.55259,0.5413,0.57759,0.61166,0.6811,0.69196,0.64548,0.62304,0.65552,0.64882,0.66284,0.67193,0.63098,0.53078,0.47678,0.46692,0.35673
NaN,NaN,NaN,0.34147,0.3462,0.41796,0.52626,0.56678,0.56795,0.60263,0.67973,0.72615,0.71181,0.66957,0.61801,0.57925,0.5721,0.58158,0.61497,0.70273,0.67881,0.62737,0.62822,0.65168,0.66486,0.69689,0.69818,0.64906,0.55302,0.50185,0.49152,0.35357
NaN,NaN,NaN,0.37292,0.39059,0.45784,0.54219,0.57864,0.58379,0.60431,0.68949,0.75529,0.73489,0.6662,0.5957,0.5803,0.57793,0.58221,0.6215,0.69055,0.64792,0.60798,0.63834,0.65126,0.67777,0.72641,0.72031,0.65275,0.57249,0.55274,0.51696,0.36788
NaN,NaN,NaN,0.3546,0.37542,0.43044,0.51709,0.56529,0.57217,0.60155,0.69336,0.75553,0.72973,0.66949,0.59955,0.59598,0.58811,0.5996,0.62996,0.66644,0.63505,0.60615,0.65633,0.69277,0.72195,0.75081,0.73311,0.66788,0.58806,0.5692,0.53752,0.42742
NaN,NaN,NaN,0.35585,0.37749,0.42865,0.49592,0.52065,0.51707,0.56965,0.68389,0.75141,0.73064,0.68418,0.61898,0.60886,0.59806,0.60403,0.62216,0.65286,0.63572,0.61162,0.67744,0.73393,0.75375,0.75921,0.74181,0.70254,0.61872,0.56451,0.53948,0.48588
NaN,NaN,NaN,0.33258,0.3782,0.41835,0.4473,0.47425,0.49089,0.57393,0.70018,0.76978,0.74163,0.68906,0.63391,0.63574,0.63178,0.61722,0.61184,0.65091,0.65055,0.62705,0.68501,0.74328,0.75601,0.75248,0.74524,0.72305,0.65248,0.56776,0.53857,0.52918
NaN,NaN,NaN,NaN,0.35352,0.40235,0.42604,0.45373,0.49385,0.59196,0.68905,0.75771,0.73413,0.67492,0.6366,0.66632,0.68964,0.65345,0.62085,0.63714,0.64625,0.64102,0.69123,0.73391,0.73917,0.74167,0.73582,0.73775,0.69276,0.58874,0.52302,0.55383
NaN,NaN,NaN,NaN,NaN,0.36658,0.4129,0.45998,0.53801,0.61409,0.67066,0.72524,0.71199,0.66164,0.63658,0.69492,0.72984,0.6899,0.63759,0.61017,0.61185,0.62902,0.69023,0.72207,0.7216,0.71369,0.71125,0.72992,0.70251,0.59734,0.50229,0.51179
NaN,NaN,NaN,NaN,NaN,NaN,NaN,0.45485,0.54075,0.61595,0.65477,0.68082,0.68902,0.66815,0.65836,0.70265,0.74442,0.71787,0.64366,0.57068,0.58465,0.63951,0.70712,0.73643,0.71769,0.69395,0.68992,0.72431,0.71583,0.61762,0.50923,0.47498
NaN,NaN,NaN,NaN,NaN,NaN,NaN,NaN,NaN,0.58858,0.59816,0.60407,0.63536,0.65454,0.68125,0.72248,0.7704,0.75326,0.67669,0.6002,0.61318,0.67348,0.7207,0.73903,0.72331,0.69852,0.6887,0.72311,0.72231,0.61321,0.48107,0.45315
NaN,NaN,NaN,NaN,NaN,NaN,NaN,NaN,NaN,NaN,NaN,0.5807,0.60816,0.6575,0.69904,0.72996,0.78317,0.77936,0.70151,0.61558,0.64049,0.69614,0.72031,0.72465,0.72894,0.69755,0.67686,0.71563,0.71743,0.5978,0.4423,0.40624
NaN,NaN,NaN,NaN,NaN,NaN,NaN,NaN,NaN,NaN,NaN,0.46259,0.53399,0.61974,0.68885,0.72565,0.78434,0.77654,0.69095,0.61335,0.65287,0.69816,0.70289,0.6888,0.71296,0.69444,0.66525,0.69926,0.70506,0.5982,0.44414,0.39662
NaN,NaN,NaN,NaN,NaN,NaN,NaN,NaN,0.1921,0.32126,0.43613,NaN,NaN,0.63806,0.693,0.73545,0.78495,0.76341,0.68001,0.5927,0.61449,0.66741,0.65499,0.64346,0.68318,0.69116,0.66314,0.68642,0.71165,0.61877,0.47642,0.40828
NaN,NaN,NaN,NaN,NaN,NaN,NaN,0.29583,0.23734,0.3662,0.49917,0.59535,0.64616,0.65675,0.69811,0.72967,0.75987,0.72565,0.63689,0.54095,0.54563,0.616,0.60735,0.60517,0.66299,0.70231,0.69316,0.72323,0.7413,0.65129,0.5195,0.45293
NaN,NaN,NaN,NaN,NaN,NaN,0.37143,0.34955,0.34118,0.46044,0.58529,0.67413,0.7158,0.71582,0.70778,0.69947,0.72287,0.69695,0.61698,0.49994,0.49512,0.56963,0.58024,0.60315,0.67599,0.71892,0.7232,0.75628,0.74772,0.68097,0.55102,0.472
NaN,NaN,NaN,NaN,NaN,0.36203,0.42349,0.44862,0.47585,0.55554,0.63738,0.70164,0.73908,0.7414,0.72856,0.70288,0.70818,0.68575,0.61197,0.46292,0.42663,0.47812,0.51372,0.59829,0.69116,0.7429,0.74838,0.76321,0.729,0.68797,0.58236,0.48641
NaN,NaN,NaN,NaN,NaN,0.30334,0.43546,0.5078,0.56634,0.60803,0.64444,0.69399,0.7405,0.75641,0.737,0.69808,0.68672,0.67994,0.62348,0.47002,0.37638,0.36773,0.3897,0.58376,0.70512,0.75629,0.76716,0.75576,0.7081,0.68467,0.60851,0.50515
NaN,NaN,NaN,NaN,0.090187,0.24583,0.41501,0.5244,0.59047,0.62162,0.65769,0.68289,0.70769,0.73776,0.72154,0.68309,0.67531,0.69526,0.64485,0.5109,0.36007,0.24249,0.27355,0.52081,0.6895,0.73636,0.76445,0.74717,0.68246,0.6436,0.60785,0.53942
NaN,NaN,NaN,NaN,NaN,0.24741,0.38511,0.49222,0.58102,0.63231,0.67825,0.70231,0.71315,0.72111,0.70163,0.67426,0.682,0.70488,0.68538,0.57578,0.42324,0.24468,0.20823,0.42538,0.63153,0.71292,0.76507,0.76167,0.69917,0.65111,0.6246,0.60744
NaN,NaN,NaN,NaN,NaN,NaN,0.32122,0.41923,0.53881,0.60627,0.66268,0.70982,0.73058,0.69179,0.62394,0.63323,0.66962,0.69485,0.70427,0.64358,0.51706,0.32926,0.16821,0.27808,0.48086,0.6462,0.7421,0.76497,0.74638,0.71993,0.65612,0.64989
NaN,NaN,NaN,NaN,NaN,NaN,NaN,NaN,0.45658,0.52245,0.59687,0.67859,0.72638,0.64938,0.52317,0.55547,0.63208,0.68124,0.71017,0.67815,0.59592,0.43512,0.20776,0.17295,0.29332,0.52656,0.68587,0.73053,0.7586,0.7527,0.69602,0.67526
NaN,NaN,NaN,NaN,NaN,NaN,NaN,NaN,0.38857,0.43756,0.51504,0.60017,0.64785,NaN,0.45865,0.47661,0.56446,0.63076,0.69472,0.69528,0.65795,0.5682,0.32421,0.14428,0.18515,0.4051,0.63139,0.68785,0.70766,0.72013,0.71511,0.68543
NaN,NaN,NaN,NaN,NaN,NaN,NaN,NaN,NaN,NaN,0.49038,NaN,0.5626,0.529,NaN,NaN,0.51293,0.58092,0.66416,0.68417,0.67402,0.61652,0.40983,0.19704,0.20083,0.35063,0.59839,0.63985,0.62566,0.66456,0.68693,0.64497
NaN,NaN,NaN,NaN,NaN,NaN,NaN,NaN,NaN,0.46836,0.49016,0.50628,NaN,NaN,0.50038,NaN,NaN,0.5631,0.6215,0.67455,0.66954,0.62742,0.48176,0.23827,0.23965,0.376,0.53067,0.48929,0.45477,0.54302,0.61347,0.57839
NaN,NaN,NaN,NaN,NaN,NaN,NaN,NaN,NaN,NaN,0.5035,0.53794,0.59658,NaN,NaN,NaN,NaN,NaN,0.65042,0.68768,0.6735,0.63351,0.53653,0.32214,0.32552,0.45652,0.50093,0.43922,0.3871,0.48139,0.49722,0.49786
NaN,NaN,NaN,NaN,NaN,NaN,NaN,NaN,NaN,NaN,NaN,0.59954,0.64186,0.70871,0.72409,0.68445,0.65803,NaN,NaN,0.70066,0.6835,0.67385,0.60844,0.48304,0.49766,0.54807,0.49619,0.37546,0.35196,0.36368,0.32039,0.36307
NaN,NaN,NaN,NaN,NaN,0.24237,0.17563,NaN,NaN,NaN,NaN,0.60122,0.6543,0.72138,0.7218,0.68485,0.64958,0.64068,0.67784,NaN,0.67899,0.68719,0.64864,0.56168,0.56756,0.58215,0.50076,0.39094,0.38616,0.38103,0.22468,0.26991
NaN,NaN,NaN,NaN,NaN,0.16069,0.34864,0.41171,NaN,NaN,0.59622,0.63806,0.6724,0.71617,0.68726,0.65402,0.60253,0.5834,0.63047,0.67126,0.69291,0.70935,0.67001,0.57365,0.54366,0.52424,0.46922,0.42578,0.48676,0.46223,0.36323,0.37011
NaN,NaN,NaN,NaN,NaN,0.022728,0.26992,0.39723,0.4363,0.51391,0.62172,0.65913,0.68313,0.68133,0.59398,NaN,NaN,0.52778,0.56413,0.62993,0.70823,0.71951,0.68239,0.55481,0.49297,0.47386,0.47507,0.47743,0.50773,0.50275,0.50515,0.52961
NaN,NaN,NaN,NaN,NaN,-0.0021918,0.29745,0.40592,0.47543,0.55449,0.62399,0.64288,0.62305,0.53634,NaN,NaN,NaN,NaN,0.5016,0.58324,0.6836,0.72057,0.71236,0.60335,0.51564,0.45559,0.45597,0.51472,0.53509,0.48736,0.49018,0.52198
NaN,NaN,NaN,NaN,-0.020984,0.10609,0.34173,0.39005,0.40773,0.48804,0.57915,0.59164,0.51662,0.38962,NaN,NaN,NaN,NaN,0.44501,0.55087,0.65367,0.70578,0.6972,0.62462,0.5408,0.43801,0.39029,0.4945,NaN,NaN,NaN,0.49414
NaN,NaN,NaN,NaN,0.24083,0.20474,0.31551,0.33607,0.35874,0.44084,0.54227,0.54195,0.44132,NaN,NaN,NaN,NaN,NaN,0.39776,0.50922,0.63905,0.71075,0.69469,0.60911,0.51858,0.38247,0.23422,NaN,NaN,NaN,NaN,NaN
NaN,NaN,NaN,0.25272,0.24128,0.2338,0.26729,0.32026,0.419,0.45264,0.4794,0.40332,0.29599,NaN,0.18757,NaN,0.28297,0.32731,0.35519,0.48112,0.63197,0.71654,0.68941,0.59546,0.5005,0.35357,0.14777,NaN,NaN,NaN,NaN,NaN
NaN,NaN,-0.14207,0.20506,0.22281,0.25933,0.21722,0.27285,0.46523,0.4635,0.39733,0.29299,0.21562,0.18901,0.17626,0.11588,0.20393,NaN,0.3697,0.46119,0.61089,0.70788,0.68399,0.57948,0.49364,0.36572,NaN,NaN,NaN,NaN,NaN,NaN
-0.033015,0.019491,0.10123,0.34028,0.34881,0.30064,0.27741,0.359,0.3986,0.37639,0.33531,0.25737,0.18631,0.2192,0.1356,0.051701,0.25378,NaN,0.37852,0.43275,0.58155,0.68577,0.6727,0.56906,0.48208,0.36375,NaN,NaN,NaN,NaN,NaN,NaN
0.10676,0.15899,0.27155,0.35706,0.33027,0.32033,0.34043,0.34559,0.30605,0.28922,0.28321,0.25348,0.25005,0.30912,0.26642,0.27123,0.38446,0.41361,0.39066,0.41926,0.55811,0.67071,0.654,0.55154,0.45243,NaN,NaN,NaN,NaN,NaN,NaN,NaN
0.34116,0.35124,0.34818,0.27798,0.24888,0.31672,0.37596,0.34098,0.26918,0.27214,0.31916,NaN,NaN,0.52752,0.61078,0.56674,0.50878,0.48187,0.42814,0.4371,0.53801,0.65289,0.64358,0.52651,NaN,NaN,NaN,NaN,NaN,NaN,NaN,NaN
0.39795,0.3406,0.29723,0.24182,0.23661,0.32476,0.40517,0.39484,0.32989,0.34982,0.41378,0.45639,0.50524,0.63086,0.67213,0.57842,0.47971,0.43562,0.39999,0.41042,0.5067,0.64942,0.66224,0.62502,NaN,NaN,NaN,NaN,NaN,NaN,NaN,NaN
0.46967,0.32573,0.25168,0.23813,0.26156,0.3297,0.40229,0.42103,0.40938,0.45115,0.49118,0.51976,0.51672,0.58683,0.60196,0.47706,0.39246,0.38634,0.39058,0.40258,0.4875,0.63716,0.66342,0.62134,NaN,NaN,NaN,NaN,NaN,NaN,NaN,NaN
0.41809,0.30327,0.24054,0.2437,0.2699,0.37043,0.44147,0.43183,0.41654,0.47401,0.5298,0.55484,0.54995,0.59432,0.55141,0.37164,0.32106,0.35237,0.38271,0.40504,0.48619,0.60664,NaN,NaN,NaN,NaN,NaN,NaN,NaN,NaN,NaN,NaN
0.39492,0.3186,0.27093,0.23073,0.26329,0.39382,0.4483,0.39956,0.3794,0.47354,0.55471,0.58843,0.60746,0.6336,0.52865,0.29537,NaN,NaN,0.32149,0.40523,0.45975,0.53715,NaN,NaN,NaN,NaN,NaN,NaN,NaN,NaN,NaN,NaN
0.42579,0.33627,0.27054,0.24382,0.30606,0.43589,0.45156,0.39453,0.39336,0.50417,0.5721,0.54325,0.56653,0.62395,0.5429,0.34265,0.13879,0.10842,0.26028,0.3816,0.42421,0.50327,NaN,NaN,NaN,NaN,NaN,NaN,NaN,NaN,NaN,NaN
0.40227,0.34636,0.30913,0.32124,0.43147,0.49665,0.44517,0.4055,0.46176,0.56726,0.56673,0.46487,0.5057,0.59268,0.56959,0.40769,0.20221,NaN,NaN,0.25574,0.34221,0.45495,0.49646,0.44371,NaN,NaN,NaN,NaN,NaN,NaN,NaN,NaN
0.31947,0.31626,0.30857,0.36336,0.5111,0.54258,0.47532,0.46121,0.541,0.61016,0.58566,0.49805,0.53944,0.59703,0.53823,0.34662,0.23447,NaN,NaN,NaN,0.28713,0.42913,0.50634,0.44908,0.33217,NaN,NaN,NaN,NaN,NaN,NaN,NaN
0.28135,0.29832,0.33964,0.42804,0.55041,0.57279,0.51817,0.53586,0.62437,0.65933,0.62137,0.58088,0.58531,0.59217,0.48724,0.2843,0.20366,NaN,NaN,NaN,0.31571,0.43119,0.50422,0.48235,0.33889,NaN,NaN,NaN,NaN,NaN,NaN,NaN
0.30604,0.31635,0.36963,0.44082,0.5096,0.55501,0.51968,0.57189,0.65617,0.681,0.64137,0.57755,0.57523,0.54888,0.44751,0.24496,0.14428,0.22103,NaN,NaN,NaN,0.33813,NaN,NaN,NaN,NaN,NaN,NaN,NaN,NaN,NaN,NaN
0.36752,0.33899,0.37189,0.4342,0.51558,0.54695,0.51552,0.54865,0.62265,0.64521,0.61441,0.54873,0.54145,0.51991,0.44309,0.24168,0.09373,0.15,NaN,NaN,0.30295,0.29421,0.2819,0.26098,NaN,NaN,NaN,NaN,NaN,NaN,NaN,NaN
0.41094,0.35922,0.36652,0.42855,0.5231,0.55102,0.50401,0.51328,0.58414,0.59157,0.57056,0.51001,0.47415,0.42725,0.34385,0.18188,0.04558,0.11129,0.23559,NaN,0.31253,0.29465,0.29058,0.25235,0.22144,0.21484,NaN,NaN,NaN,NaN,NaN,NaN
0.42468,0.35737,0.33817,0.39529,0.4944,0.52157,0.48119,0.49911,0.55506,0.55434,0.54657,0.48187,0.41224,0.36642,0.30126,0.19121,0.10339,0.1586,0.24563,0.2508,NaN,0.27516,0.28006,0.242,0.20241,0.23243,NaN,NaN,NaN,NaN,NaN,NaN
0.39708,0.34052,0.32777,0.38024,0.45743,0.48995,0.47265,0.49212,0.53537,0.54255,0.5329,0.45611,0.36983,0.313,0.25318,0.18052,0.1473,0.19832,0.24435,0.25169,0.24211,0.27839,0.28286,0.23161,0.19036,0.24624,0.22015,0.059107,NaN,NaN,NaN,NaN
0.37275,0.33048,0.36067,0.40714,0.44855,0.4978,0.50594,0.51225,0.52347,0.52883,0.5099,0.43339,0.35265,0.29969,0.23884,0.21049,0.18077,0.19601,0.2483,0.25732,0.27845,0.31895,0.2784,0.1917,0.15591,0.22966,0.2597,0.16124,0.08631,NaN,NaN,NaN
0.37398,0.32461,0.38629,0.43057,0.44088,0.5013,0.52286,0.51226,0.49662,0.50383,0.48184,0.42498,0.39647,0.35989,0.31948,0.32074,0.28336,0.15353,0.20146,0.24308,0.289,0.34394,0.27416,0.13862,0.084892,0.16978,0.268,0.2567,0.18581,0.14585,0.20572,0.32741
0.40079,0.32773,0.39811,0.44277,0.44626,0.49514,0.52089,0.51815,0.47967,0.4902,0.47729,0.4377,0.43645,0.41787,0.39442,0.47386,0.42113,0.22573,0.10988,0.15191,0.25005,0.32816,0.26579,0.12629,0.058088,0.10861,0.2206,0.27105,0.22912,0.17299,0.18012,0.25754
0.41228,0.31905,0.40458,0.45012,0.44177,0.47481,0.5168,0.50944,0.47595,0.4604,0.45513,0.41279,0.44644,0.44636,0.47209,0.55723,0.54108,0.39134,0.13464,0.075987,0.19724,0.29266,0.24173,0.13246,0.055258,0.05707,0.13563,0.22691,0.24449,0.18832,0.1714,0.2166
0.37897,0.31225,0.39875,0.43214,0.4363,0.47047,0.50513,0.49289,0.42503,0.41684,0.38917,0.3784,0.45417,0.49322,0.55116,0.63915,0.63976,0.53334,0.26492,0.059345,0.12797,0.23762,0.20016,0.11477,0.05383,0.046755,0.078364,0.16538,0.23046,0.1813,0.16023,0.22483
0.33026,0.3025,0.39788,0.44309,0.44765,0.46775,0.50638,0.47561,0.41379,0.39195,0.30944,0.3098,0.45654,0.49994,0.58943,0.69742,0.72082,0.64391,0.41964,0.077916,0.00098703,0.09354,0.12165,0.080306,0.092852,0.1024,0.089489,0.14638,0.23265,0.23763,0.25793,0.29967
0.2789,0.28579,0.39459,0.46546,0.46938,0.48254,0.49982,0.46368,0.41724,0.40102,0.3184,0.31499,0.46063,0.49174,0.59243,0.72761,0.77614,0.73878,0.56005,0.21653,-0.04276,-0.021827,0.019817,0.049298,0.12332,0.16716,0.13964,0.15064,0.21932,0.25586,0.28782,0.32378
0.25587,0.28146,0.42893,0.48685,0.45917,0.46837,0.47204,0.42429,0.42401,0.44381,0.40471,0.41816,0.54028,0.55041,0.63423,0.75094,0.80619,0.7912,0.66573,0.40635,0.0094103,-0.12433,-0.064326,0.028783,0.1345,0.21316,0.18167,0.14045,0.21088,0.27823,0.28525,0.24095
0.23314,0.26688,0.42588,0.46945,0.43598,0.4433,0.43459,0.38844,0.42041,0.48383,0.48604,0.51668,0.59525,0.63163,0.7036,0.78044,0.82163,0.82596,0.74884,0.58017,0.18822,-0.10397,-0.083941,-0.0037036,0.11595,0.22983,0.23164,0.20723,0.26999,0.3211,0.25987,0.16314
0.24708,0.25269,0.39181,0.42066,0.4073,0.42602,0.39947,0.34931,0.40688,0.50116,0.55124,0.57683,0.66784,0.71532,0.75991,0.80489,0.83259,0.84242,0.80921,0.69438,0.3877,-0.0013999,-0.1047,-0.072981,0.066581,0.22741,0.26049,0.27235,0.32385,0.32237,0.15928,0.060048
0.24973,0.24146,0.34908,0.40601,0.42743,0.43736,0.38157,0.3188,0.38464,0.50758,0.58355,0.6365,0.73021,0.77594,0.80341,0.82611,0.84642,0.85802,0.83732,0.7356,0.4993,0.097754,-0.057087,-0.074933,0.072524,0.24492,0.2873,0.29307,0.33039,0.31056,0.16621,0.10409
0.29081,0.28919,0.34885,0.40335,0.43493,0.42457,0.35649,0.31904,0.39685,0.50791,0.58786,0.68614,0.77384,0.80725,0.84455,0.86109,0.87319,0.87421,0.85014,0.77274,0.58869,0.14493,-0.017359,-0.056437,0.078553,0.26669,0.34015,0.34097,0.29282,0.22141,0.1383,0.14846
0.34719,0.37914,0.41331,0.43342,0.44328,0.41944,0.35073,0.35722,0.44102,0.51642,0.55862,0.66756,0.7735,0.81966,0.86287,0.88413,0.89363,0.88732,0.86498,0.80898,0.64273,0.22301,-0.041222,-0.062233,0.060367,0.26576,0.36762,0.36659,0.32225,0.23965,0.15526,0.15271
0.36056,0.41133,0.44259,0.42945,0.42763,0.38601,0.34942,0.40335,0.478,0.52374,0.55624,0.68003,0.78673,0.82715,0.87232,0.89847,0.90894,0.90231,0.88469,0.85102,0.70511,0.27924,-0.04988,-0.046468,0.10358,0.30503,0.38288,0.37967,0.35294,0.29493,0.18678,0.15502
0.39336,0.43222,0.45664,0.41927,0.41305,0.37942,0.35286,0.4295,0.50806,0.55779,0.60504,0.72473,0.80743,0.84051,0.87896,0.89892,0.91209,0.91141,0.89634,0.86227,0.72566,0.33125,-0.033637,-0.030454,0.14405,0.33502,0.39727,0.36797,0.35992,0.31733,0.19476,0.18056
0.4197,0.41236,0.4306,0.40821,0.41389,0.38532,0.3553,0.44536,0.53725,0.61339,0.6835,0.77071,0.83011,0.85927,0.88121,0.89577,0.91445,0.9236,0.90169,0.86308,0.76137,0.47618,0.099917,0.027384,0.17252,0.34819,0.41765,0.39663,0.37169,0.3214,0.19566,0.18387
0.43405,0.39954,0.41903,0.40411,0.40388,0.37526,0.36674,0.46686,0.56975,0.676,0.74934,0.80356,0.84702,0.87248,0.8834,0.89718,0.92123,0.93373,0.91048,0.87734,0.81585,0.64479,0.32161,0.076045,0.15986,0.32073,0.42583,0.442,0.40578,0.31593,0.18821,0.15944
0.48402,0.44418,0.43255,0.40039,0.37706,0.34714,0.40039,0.50952,0.60603,0.70001,0.7715,0.81445,0.8598,0.87965,0.88844,0.9051,0.92956,0.94128,0.92577,0.90108,0.8484,0.73243,0.46313,0.11523,0.13845,0.30094,0.44055,0.48902,0.45394,0.35194,0.24878,0.20304
0.52197,0.47088,0.43297,0.38827,0.33795,0.32951,0.44618,0.54003,0.60912,0.69829,0.76336,0.80566,0.86538,0.8837,0.88941,0.90564,0.92644,0.94305,0.93748,0.90915,0.86075,0.76979,0.55703,0.18273,0.15622,0.30022,0.43432,0.53557,0.5239,0.46322,0.3899,0.33838
0.53778,0.49197,0.44674,0.38455,0.31743,0.32427,0.47037,0.55561,0.60585,0.69335,0.76282,0.83754,0.8772,0.88658,0.88684,0.89479,0.91168,0.93473,0.94209,0.92069,0.8704,0.81879,0.65645,0.25915,0.19054,0.33106,0.45342,0.56291,0.55725,0.53632,0.49232,0.45615
0.55265,0.51463,0.49433,0.41868,0.32593,0.32881,0.4738,0.57251,0.61302,0.70394,0.7777,0.84399,0.88282,0.88663,0.88177,0.88088,0.89977,0.92877,0.94528,0.93166,0.8933,0.84648,0.70591,0.36452,0.21317,0.35992,0.45036,0.53879,0.52904,0.52719,0.52987,0.47239
0.52129,0.50904,0.50469,0.4412,0.36448,0.36416,0.4893,0.57919,0.65526,0.73287,0.76947,0.79913,0.87126,0.89373,0.88898,0.88699,0.90242,0.93329,0.95091,0.94001,0.91173,0.86368,0.76272,0.48731,0.21476,0.32347,0.42631,0.52034,0.51611,0.49671,0.4986,0.45392
0.512,0.49931,0.48371,0.43102,0.38458,0.41416,0.532,0.62257,0.68095,0.75018,0.75635,0.78671,0.88672,0.91435,0.90761,0.89864,0.90979,0.93675,0.95298,0.94115,0.9156,0.86588,0.78456,0.59259,0.2337,0.27315,0.44104,0.54692,0.55856,0.52824,0.48966,0.46013
0.48556,0.46398,0.42994,0.39123,0.37979,0.4586,0.5939,0.69628,0.75505,0.77612,0.76366,0.81163,0.90069,0.92504,0.91503,0.90279,0.91037,0.93708,0.95072,0.93799,0.91544,0.87358,0.80269,0.64805,0.30816,0.27633,0.4695,0.6049,0.62271,0.58843,0.54968,0.53222
0.43761,0.4116,0.38052,0.33993,0.3661,0.48919,0.63659,0.73956,0.79489,0.812,0.79035,0.82699,0.90489,0.92407,0.91371,0.89962,0.90581,0.93405,0.95009,0.94106,0.92379,0.88528,0.81539,0.69636,0.39302,0.29373,0.49316,0.62591,0.65525,0.62131,0.58411,0.56817
0.39819,0.36905,0.3663,0.34335,0.37822,0.52116,0.65903,0.74265,0.79666,0.81709,0.7963,0.83924,0.90948,0.92012,0.90633,0.88858,0.89748,0.92634,0.94783,0.94617,0.92845,0.89177,0.83389,0.75526,0.4888,0.31814,0.47414,0.59653,0.61721,0.59078,0.58832,0.59542
0.38821,0.38505,0.40582,0.39296,0.43633,0.57431,0.69932,0.76779,0.81335,0.83766,0.83148,0.87387,0.91704,0.92007,0.90071,0.8797,0.8936,0.92449,0.95052,0.9512,0.92504,0.88294,0.86227,0.80437,0.58742,0.34504,0.40115,0.52379,0.59868,0.60929,0.60246,0.59947
0.40537,0.41791,0.44259,0.44277,0.50445,0.64448,0.73442,0.79356,0.83645,0.84087,0.84148,0.88051,0.91556,0.92084,0.89617,0.87441,0.88935,0.92468,0.9529,0.94546,0.90573,0.87067,0.84912,0.81046,0.60812,0.34713,0.36372,0.47249,0.57085,0.62442,0.63345,0.62379
0.38429,0.40255,0.416,0.44328,0.57485,0.69647,0.77449,0.82533,0.83536,0.83847,0.86269,0.88482,0.91617,0.93102,0.90837,0.87932,0.88669,0.92215,0.95102,0.93807,0.8996,0.869,0.86631,0.81617,0.64617,0.38574,0.3764,0.481,0.56573,0.63478,0.66342,0.65213
0.32672,0.35032,0.36553,0.45306,0.63306,0.74215,0.80016,0.84428,0.83332,0.83061,0.86002,0.88671,0.91858,0.93731,0.91676,0.88584,0.88345,0.92072,0.95233,0.94456,0.9176,0.89159,0.88224,0.82993,0.67568,0.41099,0.38438,0.48635,0.58669,0.65594,0.66742,0.66019
0.27425,0.29294,0.34678,0.50157,0.70029,0.80112,0.84057,0.8615,0.8365,0.83031,0.85678,0.88953,0.92024,0.93937,0.92365,0.89374,0.88902,0.92618,0.95585,0.95282,0.93096,0.91054,0.89339,0.8391,0.70981,0.46994,0.37834,0.49813,0.59925,0.65292,0.66228,0.65575
0.26947,0.30508,0.41616,0.59848,0.75814,0.84041,0.86787,0.87127,0.84822,0.84184,0.84686,0.87543,0.9204,0.94148,0.92636,0.89447,0.89182,0.93,0.95657,0.95434,0.93757,0.91977,0.89189,0.84027,0.71863,0.51932,0.39094,0.5224,0.61854,0.64337,0.63753,0.63605
0.30543,0.36684,0.51496,0.69408,0.81329,0.87446,0.88279,0.87446,0.85896,0.85051,0.84135,0.86678,0.92017,0.94128,0.92205,0.89054,0.89009,0.92863,0.95501,0.9548,0.93726,0.91542,0.89008,0.84381,0.71987,0.54625,0.40854,0.55015,0.64222,0.64814,0.6257,0.6118
0.30242,0.41918,0.59896,0.75801,0.84933,0.89104,0.88328,0.8742,0.86368,0.84357,0.84017,0.87341,0.9212,0.93694,0.91891,0.88637,0.88152,0.91817,0.94653,0.949,0.93213,0.90504,0.88109,0.83778,0.72314,0.54695,0.38973,0.51064,0.62724,0.65403,0.63929,0.60468
0.32079,0.4867,0.66643,0.79716,0.87408,0.89699,0.88118,0.86955,0.85593,0.83531,0.8399,0.89049,0.92731,0.93089,0.91371,0.88027,0.86843,0.89964,0.92927,0.94106,0.93029,0.90482,0.87841,0.8301,0.72927,0.56413,0.39748,0.45328,0.56944,0.63452,0.65038,0.60039
0.3865,0.57647,0.72052,0.82775,0.88322,0.88872,0.87214,0.86522,0.85427,0.83499,0.84328,0.89496,0.93241,0.92523,0.90655,0.87135,0.85462,0.88006,0.91743,0.94075,0.93516,0.90857,0.87078,0.82021,0.74092,0.61219,0.45963,0.42176,0.50676,0.60071,0.64933,0.59813
0.49472,0.66066,0.76491,0.84225,0.87822,0.87122,0.85872,0.8546,0.85063,0.85161,0.86377,0.89925,0.93422,0.92222,0.89585,0.86155,0.84844,0.87943,0.92223,0.94535,0.93316,0.9042,0.85802,0.81298,0.73822,0.62921,0.50676,0.40771,0.48762,0.57344,0.64342,0.61012
0.58792,0.6999,0.78387,0.84835,0.86668,0.85027,0.83895,0.83938,0.84175,0.86764,0.8927,0.90902,0.93046,0.92183,0.89458,0.85992,0.85657,0.89367,0.93085,0.9364,0.92471,0.90036,0.86181,0.80261,0.74216,0.65848,0.56118,0.43216,0.48774,0.57153,0.62962,0.60228
0.64368,0.71399,0.78489,0.84654,0.85434,0.83967,0.82185,0.8111,0.81997,0.85988,0.89827,0.91587,0.92783,0.92408,0.90277,0.86928,0.86572,0.89849,0.92811,0.92723,0.92189,0.89685,0.85086,0.79219,0.73947,0.67437,0.56758,0.43055,0.46712,0.55188,0.61703,0.57739
0.64897,0.70903,0.76817,0.81405,0.82885,0.83927,0.8295,0.80763,0.80229,0.84855,0.89109,0.9135,0.92672,0.92319,0.90569,0.87321,0.86397,0.89172,0.91804,0.92057,0.91912,0.89206,0.84361,0.80053,0.76058,0.70341,0.58196,0.4292,0.4104,0.52338,0.5826,0.54523
0.65339,0.69718,0.73698,0.77922,0.80962,0.83823,0.82917,0.8035,0.79228,0.83325,0.87623,0.90545,0.9274,0.91962,0.9004,0.86988,0.85895,0.88508,0.91043,0.91308,0.91379,0.88404,0.83981,0.80639,0.78147,0.72536,0.59103,0.43062,0.37446,0.47209,0.53912,0.52978
0.66289,0.70484,0.74871,0.78591,0.82579,0.84912,0.83755,0.80616,0.7913,0.82235,0.85972,0.89566,0.9292,0.92482,0.89715,0.86379,0.85689,0.88463,0.91007,0.91377,0.91454,0.88002,0.83314,0.80754,0.78616,0.72522,0.59598,0.45117,0.36185,0.44164,0.49715,0.52008
0.67545,0.71974,0.76815,0.80815,0.84542,0.85951,0.84272,0.81048,0.78205,0.81399,0.85054,0.88702,0.92605,0.92837,0.89783,0.86131,0.85437,0.88271,0.90693,0.91399,0.91132,0.87943,0.84051,0.82073,0.79024,0.72772,0.6018,0.45676,0.35406,0.4112,0.46758,0.50273
0.68864,0.71623,0.76447,0.8211,0.85024,0.85284,0.84219,0.80723,0.77138,0.82084,0.86154,0.88997,0.92299,0.92705,0.89788,0.85974,0.85346,0.87873,0.90431,0.91761,0.90489,0.87418,0.83662,0.82106,0.78834,0.72532,0.60831,0.459,0.34917,0.37301,0.4171,0.46603
0.68431,0.70651,0.75949,0.8215,0.84548,0.85265,0.84704,0.80973,0.77424,0.8296,0.8793,0.90638,0.92761,0.91985,0.88768,0.85048,0.84881,0.87515,0.90313,0.91723,0.89888,0.86396,0.83151,0.81376,0.78634,0.72808,0.61668,0.47215,0.3641,0.36783,0.37601,0.42919
0.68463,0.72415,0.77326,0.81687,0.82937,0.83433,0.83064,0.8098,0.78212,0.82674,0.87898,0.9094,0.92807,0.91534,0.87594,0.84597,0.84894,0.8762,0.90171,0.91495,0.891,0.86011,0.8267,0.80507,0.7814,0.7356,0.63193,0.50184,0.37218,0.3223,0.36037,0.40198
0.70779,0.76094,0.79184,0.82208,0.82426,0.81346,0.80599,0.80037,0.78518,0.81651,0.86102,0.89999,0.91912,0.9103,0.87322,0.84425,0.84334,0.87012,0.89425,0.90966,0.88439,0.85439,0.82941,0.79843,0.78102,0.7512,0.6741,0.55788,0.39592,0.27926,0.33584,0.39812
0.78204,0.80868,0.82389,0.84442,0.83625,0.81902,0.80839,0.8104,0.80696,0.81265,0.86105,0.8985,0.91045,0.89932,0.86551,0.83984,0.83507,0.85976,0.8876,0.90557,0.88724,0.85222,0.81811,0.79264,0.77967,0.76487,0.71625,0.62235,0.4191,0.21701,0.27975,0.36511
0.83195,0.83634,0.85025,0.86916,0.85582,0.82995,0.82008,0.82425,0.82074,0.81455,0.86701,0.89886,0.90563,0.88882,0.84703,0.82759,0.82569,0.84971,0.88116,0.89999,0.88601,0.84809,0.80395,0.77793,0.77424,0.77161,0.74719,0.67003,0.44058,0.19992,0.2411,0.30795
0.83345,0.82991,0.84293,0.87427,0.87296,0.8366,0.81446,0.81145,0.81157,0.81389,0.86276,0.89098,0.90202,0.88224,0.83392,0.81878,0.82163,0.84539,0.87248,0.89037,0.87663,0.83339,0.78414,0.76112,0.7623,0.77158,0.76244,0.71826,0.52588,0.24584,0.21561,0.27773
NaN,0.83477,0.83076,0.84392,0.8574,0.82867,0.78416,0.77772,0.79014,0.81632,0.85404,0.87421,0.89384,0.87342,0.82688,0.81164,0.8135,0.8373,0.86089,0.87997,0.86546,0.81936,0.76855,0.74765,0.74972,0.75753,0.75975,0.74613,0.57276,0.27427,0.2087,0.22797
NaN,NaN,0.80615,0.79877,0.79818,0.78403,0.73766,0.7333,0.76983,0.81688,0.8444,0.86228,0.88737,0.86115,0.82005,0.80269,0.79949,0.82353,0.85245,0.87036,0.85911,0.80721,0.76199,0.73783,0.731,0.73636,0.74096,0.73802,0.5866,0.27166,0.18304,0.19876
NaN,NaN,0.76054,0.75873,0.72158,0.70145,0.68677,0.69911,0.75161,0.796,0.81074,0.84186,0.88694,0.86575,0.82599,0.79742,0.79013,0.81494,0.84545,0.85731,0.84984,0.79664,0.75591,0.73134,0.7055,0.71518,0.72126,0.71793,0.59871,0.31502,0.15249,0.15864
NaN,NaN,NaN,0.71197,0.69775,0.68221,0.69833,0.72512,0.74577,0.76235,0.77114,0.81436,0.87553,0.87051,0.8281,0.79587,0.78539,0.81232,0.83673,0.84702,0.83915,0.78741,0.76091,0.72143,0.68432,0.68637,0.69347,0.70365,0.63959,0.42811,0.18401,0.12368
NaN,NaN,NaN,NaN,0.74792,0.73375,0.72216,0.71959,0.72492,0.73618,0.74687,0.79055,0.85118,0.84904,0.80567,0.77842,0.77232,0.80696,0.83056,0.83705,0.82223,0.77831,0.75345,0.69835,0.64423,0.6478,0.66338,0.68157,0.6587,0.50914,0.26505,0.15222
NaN,NaN,NaN,NaN,NaN,NaN,0.74116,0.72276,0.70372,0.70922,0.74006,0.79089,0.8416,0.84054,0.79167,0.75293,0.75303,0.78851,0.81155,0.82021,0.80549,0.77004,0.74582,0.69169,0.63682,0.62886,0.64138,0.65217,0.63035,0.52275,0.31945,0.21055
NaN,NaN,NaN,NaN,NaN,NaN,0.72241,0.72261,0.70574,0.68954,0.75403,0.80856,0.84106,0.8425,0.79015,0.72422,0.72278,0.76688,0.78482,0.79461,0.79365,0.77048,0.75069,0.70253,0.63388,0.61091,0.63101,0.62723,0.58994,0.51756,0.33715,0.1941
NaN,NaN,NaN,NaN,NaN,NaN,NaN,0.67521,0.68728,0.6699,0.75077,0.81929,0.847,0.8412,0.77231,0.69283,0.69151,0.74312,0.75647,0.76555,0.78954,0.76788,0.74989,0.71596,0.64948,0.61533,0.62398,0.61426,0.56712,0.50755,0.37088,0.21607
NaN,NaN,NaN,NaN,NaN,NaN,NaN,0.59462,0.61324,0.60554,0.71613,0.8137,0.85172,0.83881,0.73946,0.65291,0.66663,0.71615,0.73869,0.7636,0.79752,0.77259,0.75319,0.73312,0.66858,0.62253,0.62152,0.60599,0.54914,0.50323,0.40349,0.25702
NaN,NaN,NaN,-0.012522,-0.030774,NaN,NaN,NaN,0.60667,0.60704,0.70071,0.80041,0.85092,0.83904,0.71711,0.62855,0.64608,0.69105,0.72943,0.78478,0.80796,0.77253,0.76076,0.7707,0.6879,0.62409,0.61226,0.58011,0.51731,0.46992,0.41534,0.30531
NaN,0.21192,0.13933,-0.0015729,-0.033895,0.076506,NaN,NaN,0.58267,0.61157,0.70113,0.80432,0.8539,0.853,0.71726,0.60479,0.60669,0.6567,0.71703,0.78517,0.79693,0.75517,0.76052,0.7868,0.72308,0.63489,0.5907,0.55544,0.49515,0.44693,0.4273,0.38434
0.030237,0.11294,0.11696,0.038806,0.027618,0.1303,NaN,NaN,0.61089,0.62347,0.71084,0.80508,0.86099,0.86321,0.71985,0.58008,0.58205,0.64648,0.70967,0.77148,0.78015,0.73814,0.74527,0.78474,0.75478,0.64932,0.5715,0.53499,0.48792,0.43705,0.40899,0.3749
0.014516,0.10843,0.12706,0.1223,0.20503,0.23859,NaN,NaN,0.64662,0.65913,0.74765,0.8188,0.86805,0.87005,0.70505,0.5398,0.54715,0.64465,0.71774,0.75198,0.76075,0.73496,0.73796,0.76892,0.76674,0.67412,0.56663,0.51465,0.48255,0.43833,0.40074,0.36507
0.10466,0.14726,0.13831,0.18742,0.32124,NaN,NaN,NaN,NaN,0.70063,0.77671,0.83688,0.87264,0.85474,0.65765,0.46952,0.49625,0.62987,0.71503,0.7436,0.75375,0.74549,0.73191,0.73479,0.74983,0.69456,0.58744,0.52248,0.479,0.42541,0.38489,0.33913
0.14507,0.11946,0.17133,0.36485,0.45675,NaN,0.67453,0.62842,NaN,0.74937,0.80409,0.85518,0.86855,0.84726,0.62302,0.40898,0.43627,0.56723,0.68088,0.74505,0.77269,0.76412,0.73576,0.71042,0.71972,0.71251,0.62813,0.54625,0.47782,0.41142,0.37267,0.3309
0.042166,0.019047,0.24506,0.53526,0.63658,0.6972,0.70722,0.6796,NaN,NaN,0.79872,0.85276,0.85453,0.85165,0.63543,0.39498,0.38083,0.48151,0.61314,0.7157,0.76285,0.76793,0.75157,0.71503,0.70117,0.7143,0.67216,0.58356,0.49292,0.4191,0.38055,0.3446
-0.19031,-0.17137,0.079204,0.4967,0.65756,0.69125,0.6896,0.65629,NaN,NaN,NaN,0.84343,0.84798,0.82984,0.6509,0.43082,0.37833,0.43747,0.53416,0.64801,0.72739,0.74842,0.74825,0.72637,0.70149,0.70721,0.68736,0.62571,0.5352,0.44516,0.39616,0.34837
NaN,NaN,-0.0060768,0.39125,0.6121,0.67173,0.65895,0.62868,0.60599,0.56997,0.59318,NaN,0.81678,0.75102,0.60398,0.44659,0.38923,0.42301,0.46914,0.5257,0.62119,0.67522,0.71469,0.7163,0.69636,0.6962,0.69531,0.66252,0.56884,0.46281,0.4158,0.36773
-0.091389,NaN,NaN,0.36555,0.59088,0.66165,0.6536,0.61452,0.62127,0.64308,0.65659,NaN,0.69161,0.65976,0.59621,0.43393,0.36573,0.40178,NaN,0.48533,0.54818,0.59591,0.64424,0.67576,0.68862,0.70949,0.7081,0.66933,0.58393,0.48256,0.45701,0.43042
-0.033109,0.11269,0.31119,0.5279,0.61198,0.6655,0.66079,0.59129,0.57949,0.61634,0.64253,0.60987,0.62575,0.64106,0.64494,NaN,NaN,NaN,NaN,NaN,NaN,0.52255,0.53708,0.61422,0.67041,0.68776,0.68653,0.65027,0.5895,0.54226,0.56395,0.55983
0.034357,0.15135,0.37188,0.58029,0.60233,0.64238,0.64316,0.60272,0.58559,0.60604,0.60965,NaN,NaN,NaN,NaN,NaN,NaN,NaN,NaN,NaN,NaN,NaN,0.47736,0.55816,0.6321,0.63675,0.6446,0.62305,0.59478,0.59781,0.63695,0.63393
-0.003253,0.092856,0.43573,0.65466,0.62179,0.61862,0.63486,0.61921,0.58371,0.54608,NaN,NaN,NaN,NaN,NaN,NaN,NaN,NaN,NaN,NaN,NaN,NaN,NaN,NaN,0.56291,0.58009,0.59297,0.58694,0.56806,0.59437,0.62064,0.60295
0.061783,0.19875,0.54633,0.66774,0.63816,0.62559,0.6342,0.60679,0.5479,0.48252,NaN,NaN,NaN,NaN,NaN,NaN,NaN,NaN,NaN,NaN,NaN,NaN,NaN,NaN,NaN,0.55634,0.55837,0.53254,0.51337,0.53487,0.54929,0.52564
0.1216,0.34373,0.63325,0.66581,0.65572,0.65705,0.65245,0.60591,0.52774,0.42629,NaN,NaN,NaN,NaN,NaN,NaN,NaN,NaN,NaN,NaN,NaN,NaN,NaN,NaN,NaN,0.56087,0.5433,0.49256,0.47487,0.47707,0.48486,NaN
0.24281,0.42358,0.6116,0.64819,0.67761,0.69958,0.6635,0.60114,0.52605,0.4325,NaN,NaN,NaN,NaN,NaN,NaN,NaN,NaN,NaN,NaN,NaN,NaN,NaN,NaN,NaN,NaN,NaN,NaN,NaN,NaN,NaN,NaN
0.35618,0.49511,0.61331,0.64551,0.67355,0.68841,0.65726,0.59907,0.54559,0.42409,NaN,NaN,NaN,NaN,NaN,NaN,NaN,NaN,NaN,NaN,NaN,NaN,NaN,NaN,NaN,NaN,NaN,NaN,NaN,NaN,NaN,NaN
0.43565,0.56654,0.63786,0.65274,0.65995,0.64964,0.62935,0.5984,0.55883,0.41504,0.22695,NaN,NaN,NaN,NaN,NaN,NaN,NaN,NaN,NaN,NaN,NaN,NaN,NaN,NaN,NaN,NaN,NaN,NaN,NaN,NaN,NaN
0.49461,0.62014,0.6614,0.66603,0.64595,0.60333,0.58545,0.59104,0.57833,0.42659,NaN,NaN,NaN,NaN,NaN,NaN,NaN,NaN,NaN,NaN,NaN,NaN,NaN,NaN,NaN,NaN,NaN,NaN,NaN,NaN,NaN,NaN
0.52636,0.6464,0.66492,0.64789,0.61713,0.56561,0.54525,0.57357,0.56222,0.46743,0.27577,NaN,NaN,NaN,NaN,NaN,NaN,NaN,NaN,NaN,NaN,NaN,NaN,NaN,NaN,NaN,NaN,NaN,NaN,NaN,NaN,NaN
0.52652,0.63367,0.6509,0.619,0.58086,0.53708,0.51417,0.53032,0.5389,0.5104,0.4178,0.34223,NaN,NaN,NaN,NaN,NaN,NaN,NaN,NaN,NaN,NaN,NaN,NaN,NaN,NaN,NaN,NaN,NaN,NaN,NaN,NaN
0.49874,0.59543,0.63224,0.58209,0.54063,0.50839,0.4883,0.50295,0.5207,0.52119,0.49641,0.41098,NaN,NaN,NaN,NaN,NaN,NaN,NaN,NaN,NaN,NaN,NaN,NaN,NaN,NaN,NaN,NaN,NaN,NaN,NaN,NaN
0.50352,0.59711,0.60995,0.55116,0.4924,0.46969,0.46459,0.4867,0.50508,0.51504,0.49591,0.42968,0.37161,NaN,NaN,NaN,NaN,NaN,NaN,NaN,NaN,NaN,NaN,NaN,NaN,NaN,NaN,NaN,NaN,NaN,NaN,NaN
0.53665,0.59846,0.57318,0.49726,0.44331,0.43542,0.46084,0.47484,0.48982,0.53229,0.50116,0.42029,0.37811,NaN,NaN,NaN,NaN,NaN,NaN,NaN,NaN,NaN,NaN,NaN,NaN,NaN,NaN,NaN,NaN,NaN,NaN,NaN
0.54689,0.57956,0.51859,0.43441,0.41285,0.44356,0.48605,0.4895,0.50037,0.53052,0.49949,0.44553,0.46436,NaN,NaN,NaN,NaN,NaN,NaN,NaN,NaN,NaN,NaN,NaN,NaN,NaN,NaN,NaN,NaN,NaN,NaN,NaN
0.55609,0.52886,0.467,0.37701,0.38881,0.45186,0.50074,0.48681,0.49161,0.50785,0.50477,0.48378,0.50153,0.51541,0.50952,NaN,NaN,NaN,NaN,NaN,NaN,NaN,NaN,NaN,NaN,NaN,NaN,NaN,NaN,NaN,NaN,NaN
0.522,0.49363,0.41016,0.33048,0.35237,0.43158,0.48067,0.48544,0.47881,0.4953,0.49536,0.47459,0.45786,0.49185,0.51397,0.46871,NaN,NaN,NaN,NaN,NaN,NaN,NaN,NaN,NaN,NaN,NaN,NaN,NaN,NaN,NaN,0.35279
0.49109,0.49566,0.42656,0.33794,0.33662,0.40359,0.44763,0.47613,0.48716,0.51005,0.48972,0.4484,0.46421,0.51688,0.52151,0.49894,NaN,NaN,NaN,NaN,NaN,NaN,NaN,NaN,NaN,NaN,NaN,NaN,NaN,0.3907,0.47575,0.52386
0.52617,0.52811,0.43402,0.3333,0.3268,0.39196,0.44454,0.472,0.48288,0.5101,0.46419,0.42412,0.48346,0.56622,0.53063,0.44468,0.39048,NaN,NaN,NaN,NaN,NaN,NaN,NaN,NaN,NaN,NaN,NaN,0.43399,0.51713,0.56722,0.56696
0.52414,0.50211,0.38576,0.30607,0.32911,0.39463,0.44257,0.47409,0.50247,0.50483,0.44445,0.41822,0.5076,0.59034,0.54742,0.4112,0.23064,NaN,NaN,NaN,NaN,NaN,NaN,NaN,NaN,NaN,NaN,NaN,0.54646,0.6093,0.59424,0.54494
0.51188,0.43933,0.32748,0.28242,0.32307,0.39026,0.43803,0.47693,0.5178,0.50626,0.44385,0.40804,0.49907,0.57735,0.547,0.39755,0.20791,0.12818,NaN,NaN,NaN,NaN,NaN,NaN,NaN,NaN,NaN,0.54138,0.62282,0.66122,0.60782,0.51656
0.42746,0.36612,0.29118,0.27143,0.31893,0.39228,0.43709,0.47461,0.52355,0.51177,0.47691,0.49851,0.58981,0.61265,0.57829,0.45446,0.27007,0.17302,NaN,NaN,NaN,NaN,NaN,NaN,NaN,0.50573,0.5461,0.62622,0.69419,0.6771,0.6086,0.50752
0.35871,0.30589,0.27548,0.27686,0.31952,0.39067,0.43689,0.47579,0.51461,0.51685,0.50657,0.57222,0.63788,0.6339,0.62011,0.53228,0.3402,0.22795,NaN,NaN,NaN,NaN,0.36145,0.38964,0.44456,0.54662,0.62182,0.67174,0.69718,0.66708,0.60234,0.51605
0.30579,0.28379,0.29187,0.30236,0.32712,0.39763,0.45518,0.49501,0.51253,0.51778,0.5466,0.63185,0.67765,0.65841,0.63508,0.57938,0.49896,0.3747,0.28514,NaN,NaN,0.32026,0.35322,0.37942,0.48149,0.58844,0.6458,0.66671,0.66744,0.65137,0.59923,0.52999
0.28393,0.24937,0.28552,0.31487,0.33912,0.39387,0.45387,0.49805,0.50884,0.50198,0.54618,0.60836,0.63646,0.63442,0.64063,0.61831,0.5814,0.53215,0.42833,0.33118,0.32876,0.31211,0.3469,0.38513,0.51815,0.59931,0.63884,0.64327,0.64396,0.64974,0.6021,0.52362
0.26172,0.23834,0.2848,0.33798,0.35703,0.37914,0.43036,0.50576,0.53495,0.5444,0.57441,0.59331,0.61787,0.63198,0.63962,0.61793,0.58897,0.58481,0.56514,0.49769,0.43995,0.3599,0.34944,0.41692,0.52331,0.59614,0.61486,0.62326,0.6221,0.63646,0.59612,0.50674
0.24511,0.25052,0.29156,0.34769,0.35997,0.35696,0.40666,0.50412,0.56024,0.58338,0.61234,0.61088,0.63306,0.65372,0.65612,0.6311,0.61903,0.6478,0.67377,0.63413,0.54245,0.43707,0.37061,0.4264,0.50444,0.56574,0.59474,0.60432,0.60548,0.61227,0.58456,0.4908
0.26307,0.27803,0.30505,0.35312,0.3581,0.3596,0.40821,0.50774,0.56611,0.5626,0.5782,0.61028,0.64677,0.68147,0.68155,0.6623,0.65227,0.69091,0.73841,0.68235,0.62806,0.49451,0.40342,0.42625,0.49974,0.53959,0.56705,0.58581,0.5987,0.60089,0.59121,0.50277
0.28491,0.30495,0.32556,0.35426,0.36706,0.38399,0.42807,0.51014,0.55028,0.5284,0.5479,0.60077,0.65392,0.69123,0.69082,0.66163,0.64608,0.68613,0.7383,0.70918,0.6491,0.52194,0.42553,0.45443,0.52821,0.54305,0.55056,0.57685,0.59997,0.59281,0.59645,0.51357
0.29782,0.32478,0.34864,0.36498,0.37435,0.41082,0.47161,0.54515,0.5582,0.53628,0.56346,0.62097,0.67333,0.69035,0.66863,0.64633,0.62319,0.66023,0.73518,0.71797,0.64393,0.53094,0.4652,0.48921,0.55117,0.56096,0.55719,0.59364,0.63304,0.60984,0.59236,0.5008
0.32965,0.36441,0.388,0.38887,0.39577,0.44183,0.51516,0.57236,0.58117,0.56051,0.57044,0.63267,0.67499,0.65715,0.63972,0.62378,0.59275,0.62612,0.72226,0.71345,0.62158,0.5325,0.4838,0.50904,0.5599,0.57551,0.57469,0.60798,0.66514,0.64047,0.59317,0.48456
0.3624,0.38404,0.38022,0.36775,0.38004,0.42761,0.49166,0.52876,0.51935,0.48909,0.50282,0.59355,0.65246,0.63822,0.62399,0.59466,0.56944,0.61094,0.70918,0.69647,0.6074,0.53059,0.49017,0.50021,0.55694,0.59147,0.59362,0.61762,0.66848,0.62809,0.57419,0.46073
0.39805,0.39436,0.37086,0.3115,0.30398,0.37156,0.43245,0.43505,0.38388,0.34974,0.38579,0.4913,0.58804,0.62609,0.63112,0.57501,0.53842,0.58646,0.69005,0.67146,0.59813,0.5512,0.51696,0.49877,0.55446,0.6067,0.62895,0.64629,0.66773,0.62348,0.56148,0.46613
0.40668,0.38601,0.32283,0.21381,0.21568,0.31802,0.38652,0.37213,0.32064,0.27498,0.32908,0.44998,0.56619,0.64319,0.62675,0.55537,0.51519,0.55354,0.65794,0.66388,0.60596,0.56145,0.51505,0.50761,0.54869,0.61453,0.64368,0.65958,0.66659,0.62225,0.55184,0.45849
0.39725,0.35467,0.26576,NaN,NaN,NaN,NaN,NaN,NaN,NaN,0.3346,0.44943,0.58145,0.6614,0.57489,0.51481,0.49015,0.52505,0.6154,0.65266,0.61884,0.54426,0.52285,0.51857,0.5479,0.60975,0.63994,0.66605,0.66785,0.63459,0.5543,0.46126
0.35359,0.32827,NaN,NaN,NaN,NaN,NaN,NaN,NaN,NaN,NaN,NaN,0.60082,0.65739,0.49734,0.46175,0.47814,0.5136,0.59233,0.66058,0.64062,0.54859,0.52741,0.52425,0.53583,0.58058,0.61836,0.64281,0.6515,0.63921,0.55438,0.45513
0.27059,NaN,NaN,NaN,NaN,NaN,NaN,NaN,NaN,NaN,NaN,NaN,0.64024,0.62066,0.42078,0.39684,0.44756,0.49074,0.57212,0.63551,0.64454,0.56135,0.53996,0.53193,0.52004,0.54517,0.58539,0.6154,0.62329,0.61811,0.53443,0.42767
NaN,NaN,NaN,NaN,NaN,NaN,NaN,NaN,NaN,NaN,NaN,NaN,NaN,0.607,0.42606,0.36442,0.41905,0.46659,0.56399,0.6299,0.63309,0.5821,0.54791,0.53133,0.49767,0.51835,0.56267,0.60189,0.60228,0.58201,0.51402,0.40085
NaN,NaN,NaN,NaN,NaN,NaN,NaN,NaN,NaN,NaN,NaN,NaN,NaN,NaN,0.48298,0.34084,0.37483,0.42696,0.54434,0.60942,0.61867,0.54368,0.53097,0.51231,0.48821,0.5066,0.54892,0.57449,0.56622,0.54609,0.47478,0.38282
NaN,NaN,NaN,NaN,NaN,NaN,NaN,NaN,NaN,NaN,NaN,NaN,NaN,0.57932,0.51486,0.30124,0.30705,0.38521,0.51858,0.57058,0.54992,0.48621,0.48563,0.50051,0.48722,0.49347,0.51314,0.52444,0.52748,0.52097,0.46468,0.38747
NaN,NaN,NaN,NaN,NaN,NaN,NaN,NaN,NaN,NaN,NaN,NaN,NaN,0.53493,0.49838,0.27845,0.25377,0.32871,0.49457,0.53527,0.5234,0.46867,0.46067,0.47217,0.45985,0.45098,0.46292,0.47081,0.49092,0.51659,0.47786,0.39217
NaN,NaN,NaN,NaN,NaN,NaN,NaN,NaN,NaN,NaN,NaN,NaN,NaN,0.47466,0.45759,0.26478,0.22293,0.29065,0.45823,0.50284,0.47457,0.44261,0.42176,0.40993,0.3969,0.39916,0.40513,0.42729,0.46395,0.49344,0.46748,0.37941
