NaN,NaN,NaN,NaN,NaN,NaN,NaN,NaN,NaN,NaN,NaN,NaN,NaN,0.32926,0.34332,0.15516,0.0883,0.13917,0.29032,0.37084,0.38829,0.37542,0.31975,0.23418,0.17472,0.18724,0.21003,0.26617,0.33919,0.3734,0.36276,0.32543
NaN,NaN,NaN,NaN,NaN,NaN,NaN,NaN,NaN,NaN,NaN,NaN,NaN,0.29136,0.31233,0.13742,0.074758,0.10026,0.24189,0.33142,0.39001,0.39713,0.3508,0.24264,0.13561,0.10349,0.13567,0.19671,0.2908,0.32734,0.33025,0.32143
NaN,NaN,NaN,NaN,NaN,NaN,NaN,NaN,NaN,NaN,NaN,NaN,NaN,0.22871,0.24459,0.080629,0.031921,0.05876,0.20878,0.32833,0.41018,0.42753,0.38569,0.29306,0.16347,0.072874,0.068185,0.11348,0.20741,0.27331,0.30141,0.31582
NaN,NaN,NaN,NaN,NaN,NaN,NaN,NaN,NaN,NaN,NaN,NaN,NaN,0.19582,0.16332,-0.0013513,-0.03833,0.00029516,0.16695,0.31795,0.41611,0.44571,0.41031,0.33162,0.2228,0.090881,0.024312,0.049699,0.13374,0.22085,0.28337,0.31511
NaN,NaN,NaN,NaN,NaN,NaN,NaN,NaN,NaN,NaN,NaN,NaN,NaN,NaN,0.10036,-0.079778,-0.10465,-0.035906,0.10863,0.24589,0.37651,0.43788,0.43969,0.38442,0.29653,0.12043,-0.022595,-0.013628,0.079893,0.1579,0.26461,0.28625
NaN,NaN,NaN,NaN,NaN,NaN,NaN,NaN,NaN,NaN,NaN,NaN,NaN,NaN,0.045738,-0.13049,NaN,-0.05956,0.053683,0.16549,0.32637,0.41753,0.44676,0.38053,0.27609,0.097896,-0.085821,-0.076238,0.0076262,0.10373,0.23047,0.21411
NaN,NaN,NaN,NaN,NaN,NaN,NaN,NaN,NaN,NaN,NaN,NaN,NaN,NaN,NaN,NaN,NaN,NaN,0.072311,0.10192,0.21194,0.30555,0.36392,0.31598,0.23477,0.070044,-0.13113,-0.14624,-0.067686,0.0014749,0.11812,0.12381
NaN,NaN,NaN,NaN,NaN,NaN,NaN,NaN,NaN,NaN,NaN,NaN,NaN,NaN,NaN,NaN,NaN,NaN,NaN,NaN,0.22863,0.27353,0.30251,NaN,NaN,NaN,NaN,-0.18996,-0.15949,-0.12812,-0.0060726,0.075793
NaN,NaN,NaN,NaN,NaN,NaN,NaN,NaN,NaN,NaN,NaN,NaN,NaN,NaN,NaN,NaN,NaN,NaN,NaN,NaN,NaN,NaN,NaN,NaN,NaN,NaN,NaN,NaN,NaN,NaN,-0.079773,-0.007973
NaN,NaN,NaN,NaN,NaN,NaN,NaN,NaN,NaN,NaN,NaN,NaN,NaN,NaN,NaN,NaN,NaN,NaN,NaN,NaN,NaN,NaN,NaN,NaN,NaN,NaN,NaN,NaN,NaN,NaN,NaN,-0.089305
NaN,NaN,NaN,NaN,NaN,NaN,NaN,NaN,NaN,NaN,NaN,NaN,NaN,NaN,NaN,NaN,NaN,NaN,NaN,NaN,NaN,NaN,NaN,NaN,NaN,NaN,NaN,NaN,NaN,NaN,NaN,NaN
NaN,NaN,NaN,NaN,NaN,NaN,NaN,NaN,NaN,NaN,NaN,NaN,NaN,NaN,NaN,NaN,NaN,NaN,NaN,NaN,NaN,NaN,NaN,NaN,NaN,NaN,NaN,NaN,NaN,NaN,NaN,NaN
NaN,NaN,NaN,NaN,NaN,NaN,NaN,NaN,NaN,NaN,NaN,NaN,NaN,NaN,NaN,NaN,NaN,NaN,NaN,NaN,NaN,NaN,NaN,NaN,NaN,NaN,NaN,NaN,NaN,NaN,NaN,NaN
NaN,NaN,NaN,NaN,NaN,NaN,NaN,NaN,NaN,NaN,NaN,NaN,NaN,NaN,NaN,NaN,NaN,NaN,NaN,NaN,NaN,NaN,NaN,NaN,NaN,NaN,NaN,NaN,NaN,NaN,NaN,NaN
NaN,NaN,NaN,NaN,NaN,NaN,NaN,NaN,NaN,NaN,NaN,NaN,NaN,NaN,NaN,NaN,NaN,NaN,NaN,NaN,NaN,NaN,NaN,NaN,NaN,NaN,NaN,NaN,NaN,NaN,NaN,NaN
NaN,NaN,NaN,NaN,NaN,NaN,NaN,NaN,NaN,NaN,NaN,NaN,NaN,NaN,NaN,NaN,NaN,NaN,NaN,NaN,NaN,NaN,NaN,NaN,NaN,NaN,NaN,NaN,NaN,NaN,NaN,NaN
NaN,NaN,NaN,NaN,NaN,NaN,NaN,NaN,NaN,NaN,NaN,NaN,NaN,NaN,NaN,NaN,NaN,NaN,NaN,NaN,NaN,NaN,NaN,NaN,NaN,NaN,NaN,NaN,NaN,NaN,NaN,NaN
NaN,NaN,NaN,NaN,NaN,NaN,NaN,NaN,NaN,NaN,NaN,NaN,NaN,NaN,NaN,NaN,0.080188,NaN,NaN,NaN,NaN,NaN,NaN,NaN,NaN,NaN,NaN,NaN,NaN,NaN,NaN,0.20453
NaN,NaN,NaN,NaN,NaN,NaN,NaN,NaN,NaN,NaN,NaN,NaN,NaN,NaN,NaN,NaN,0.10043,NaN,NaN,NaN,NaN,NaN,NaN,NaN,NaN,NaN,NaN,NaN,NaN,0.33732,0.31369,0.23016
NaN,NaN,0.23487,0.10455,NaN,NaN,NaN,NaN,NaN,NaN,NaN,NaN,NaN,NaN,NaN,NaN,NaN,NaN,NaN,NaN,NaN,NaN,NaN,NaN,NaN,NaN,0.24319,0.33507,0.38416,0.34535,0.25815,0.18409
NaN,NaN,NaN,0.11346,0.039678,0.090569,NaN,NaN,NaN,NaN,NaN,NaN,NaN,NaN,NaN,NaN,NaN,NaN,NaN,NaN,NaN,NaN,NaN,NaN,NaN,0.30426,0.34981,0.37676,0.36247,0.28871,0.16824,0.14458
NaN,NaN,NaN,NaN,NaN,0.19019,0.24645,0.22354,NaN,NaN,NaN,NaN,NaN,NaN,NaN,NaN,NaN,NaN,0.56606,0.59354,NaN,NaN,NaN,NaN,NaN,0.42512,0.43067,0.38891,0.32898,0.22667,0.12727,0.081128
NaN,NaN,NaN,NaN,NaN,NaN,0.30101,0.29954,NaN,NaN,NaN,NaN,NaN,NaN,NaN,NaN,NaN,0.67381,0.63702,0.62454,0.62089,0.60206,0.58281,0.55323,0.52482,0.49217,0.48268,0.4599,0.36918,0.23721,0.15271,0.065206
NaN,NaN,NaN,NaN,NaN,NaN,NaN,NaN,NaN,NaN,NaN,NaN,NaN,NaN,NaN,NaN,0.70561,0.66857,0.63591,0.61539,0.61489,0.62825,0.64174,0.60764,0.55577,0.49545,0.48304,0.48763,0.39732,0.25876,0.18383,0.091335
NaN,NaN,NaN,NaN,NaN,NaN,NaN,NaN,NaN,0.50504,NaN,NaN,NaN,NaN,NaN,0.68101,0.66067,0.60783,0.58827,0.55515,0.5759,0.6141,0.62861,0.54266,0.5239,NaN,NaN,NaN,NaN,0.26571,0.22872,0.096727
NaN,NaN,NaN,NaN,NaN,NaN,NaN,NaN,NaN,0.5221,NaN,NaN,NaN,NaN,0.60062,0.62169,0.59951,0.56541,0.55517,0.50711,0.53172,0.58982,0.59679,0.47512,NaN,NaN,NaN,NaN,NaN,0.33901,0.22752,0.078666
0.20639,NaN,NaN,NaN,NaN,NaN,NaN,NaN,0.55605,0.54643,NaN,NaN,NaN,0.50178,0.54608,0.5298,0.52902,0.54078,0.51629,0.45587,0.48054,0.53346,0.55505,NaN,NaN,NaN,0.38746,0.37524,0.39237,0.34728,0.19908,0.05802
NaN,0.26109,NaN,NaN,NaN,NaN,NaN,NaN,0.52452,0.51577,NaN,0.53985,0.56406,0.54093,0.50732,0.47803,0.48377,0.50902,0.48754,0.44977,0.46005,0.4974,0.51335,0.49839,0.49279,0.4451,0.37986,0.35428,0.36083,0.3226,0.22436,0.1224
NaN,NaN,0.2017,NaN,NaN,NaN,NaN,NaN,0.53226,0.51631,0.5285,0.57951,0.57934,0.54538,0.49329,0.45295,0.45631,0.49497,0.48223,0.50782,0.50181,0.5068,0.5329,0.56334,0.54949,0.50723,0.4168,0.33998,0.32059,0.30688,0.28635,0.21429
NaN,NaN,0.23297,NaN,NaN,NaN,NaN,0.50849,0.56321,0.55792,0.57412,0.5858,0.54512,0.52174,0.49308,0.43157,0.438,0.50687,0.51966,0.57265,0.57265,0.5671,0.5565,0.58413,0.58055,0.54994,0.48382,0.39966,0.34636,0.31829,0.31261,0.23237
NaN,NaN,0.30102,NaN,NaN,NaN,0.50436,0.55792,0.58019,0.60765,0.62092,0.60239,0.54191,0.52324,0.50219,0.45331,0.46291,0.53573,0.55883,0.62362,0.65161,0.62596,0.5821,0.59138,0.58166,0.56977,0.55306,0.4857,0.39523,0.33932,0.32593,0.22493
NaN,NaN,NaN,0.29026,NaN,0.38375,0.48727,0.53611,0.54274,0.58433,0.62429,0.62481,0.58699,0.56204,0.5428,0.51237,0.52166,0.55809,0.57951,0.65558,0.68124,0.63518,0.59376,0.61227,0.59647,0.60063,0.59305,0.5297,0.41387,0.34487,0.32768,0.20016
NaN,NaN,NaN,0.3393,0.34151,0.43191,0.52076,0.52708,0.5076,0.5369,0.61705,0.66692,0.65666,0.61191,0.55451,0.52376,0.53816,0.56278,0.58505,0.66807,0.65432,0.60822,0.59963,0.61881,0.62567,0.63649,0.61301,0.54322,0.43052,0.36096,0.34526,0.19625
NaN,NaN,NaN,0.38215,0.39368,0.46441,0.52696,0.52971,0.51919,0.54256,0.63169,0.70129,0.68509,0.61303,0.52637,0.50654,0.52361,0.54926,0.58075,0.6454,0.6107,0.57747,0.60132,0.62295,0.645,0.66327,0.62868,0.54553,0.44063,0.3964,0.36452,0.22697
NaN,NaN,NaN,0.38094,0.38766,0.43486,0.49659,0.51684,0.515,0.54699,0.64445,0.70889,0.68511,0.61805,0.52985,0.51342,0.51693,0.55155,0.58205,0.6216,0.59582,0.56444,0.60365,0.65303,0.68408,0.68594,0.64245,0.56779,0.46123,0.41262,0.38674,0.29304
NaN,NaN,NaN,0.38503,0.39761,0.4325,0.47303,0.47893,0.46382,0.51217,0.63,0.70567,0.68314,0.62772,0.54469,0.52693,0.52644,0.55437,0.57899,0.61041,0.59251,0.55665,0.60892,0.67843,0.70756,0.69462,0.65452,0.6083,0.49747,0.40817,0.38702,0.34372
NaN,NaN,NaN,0.36428,0.40924,0.43054,0.43124,0.43984,0.44386,0.51501,0.63445,0.7157,0.68764,0.61845,0.54818,0.55077,0.56509,0.57181,0.569,0.60032,0.59626,0.5612,0.61429,0.68365,0.70336,0.68758,0.66296,0.63292,0.53653,0.41598,0.38679,0.37489
NaN,NaN,NaN,NaN,0.38363,0.40908,0.40856,0.42103,0.4524,0.53488,0.62231,0.69679,0.6682,0.59281,0.54137,0.58469,0.63142,0.60726,0.56965,0.57445,0.58067,0.5762,0.63301,0.67946,0.68652,0.67769,0.65913,0.64928,0.58092,0.45322,0.3824,0.39925
NaN,NaN,NaN,NaN,NaN,0.36072,0.38162,0.40893,0.48373,0.5555,0.60069,0.65343,0.63657,0.57192,0.54021,0.61605,0.6696,0.63622,0.57394,0.53686,0.53896,0.56583,0.63849,0.67536,0.6728,0.65387,0.64041,0.64477,0.59069,0.46333,0.37119,0.36844
NaN,NaN,NaN,NaN,NaN,NaN,NaN,0.37612,0.46823,0.54628,0.56828,0.58959,0.60191,0.57775,0.57351,0.6312,0.68275,0.66204,0.57472,0.4972,0.51287,0.58384,0.6636,0.70013,0.6758,0.63854,0.62792,0.647,0.60604,0.485,0.38751,0.35898
NaN,NaN,NaN,NaN,NaN,NaN,NaN,NaN,NaN,0.5024,0.49516,0.49267,0.53239,0.56186,0.60078,0.65392,0.71272,0.69991,0.61256,0.53272,0.54588,0.61909,0.6825,0.70973,0.68481,0.64549,0.62655,0.64499,0.61133,0.48091,0.3606,0.34829
NaN,NaN,NaN,NaN,NaN,NaN,NaN,NaN,NaN,NaN,NaN,0.45681,0.49098,0.56402,0.61946,0.6611,0.72685,0.73335,0.64764,0.55979,0.57874,0.63814,0.68223,0.69203,0.68763,0.64708,0.61543,0.63774,0.62258,0.47867,0.3141,0.2941
NaN,NaN,NaN,NaN,NaN,NaN,NaN,NaN,NaN,NaN,NaN,0.36078,0.41784,0.53009,0.60785,0.65512,0.72784,0.73018,0.63548,0.55456,0.58597,0.63487,0.64978,0.64446,0.66763,0.64464,0.60323,0.62006,0.62136,0.49641,0.32298,0.2849
NaN,NaN,NaN,NaN,NaN,NaN,NaN,NaN,0.18406,0.2903,0.39013,NaN,NaN,0.56274,0.61068,0.66228,0.72854,0.71874,0.63203,0.53513,0.53813,0.58733,0.58349,0.58293,0.6253,0.63599,0.6029,0.61665,0.6406,0.54035,0.37131,0.30875
NaN,NaN,NaN,NaN,NaN,NaN,NaN,0.2819,0.22126,0.33479,0.45996,0.56117,0.59762,0.58753,0.61657,0.65561,0.7008,0.68133,0.59578,0.48594,0.45821,0.51217,0.5182,0.53124,0.60018,0.65003,0.64181,0.65785,0.66791,0.57453,0.4216,0.35592
NaN,NaN,NaN,NaN,NaN,NaN,0.34499,0.31725,0.30587,0.42271,0.55012,0.6414,0.66707,0.64699,0.62944,0.63092,0.66929,0.66116,0.58451,0.45704,0.40121,0.44334,0.46246,0.50215,0.5953,0.66168,0.67605,0.69522,0.66837,0.60179,0.47016,0.39425
NaN,NaN,NaN,NaN,NaN,0.34375,0.3926,0.40711,0.43261,0.5169,0.60325,0.66791,0.69194,0.67659,0.65589,0.64488,0.66435,0.65772,0.59295,0.43496,0.35207,0.35218,0.36094,0.45634,0.58605,0.68148,0.70231,0.70037,0.6463,0.60886,0.50743,0.4056
NaN,NaN,NaN,NaN,NaN,0.30108,0.41347,0.47211,0.52796,0.57292,0.60992,0.65527,0.69151,0.69761,0.67899,0.65697,0.66111,0.66357,0.61344,0.45865,0.34032,0.26082,0.20628,0.39671,0.57514,0.67947,0.71141,0.68404,0.62105,0.60412,0.52539,0.41443
NaN,NaN,NaN,NaN,0.12818,0.25683,0.39909,0.4944,0.55595,0.59081,0.62332,0.64337,0.65942,0.6874,0.67698,0.65869,0.66592,0.68841,0.63586,0.50665,0.34999,0.16416,0.089668,0.30736,0.54166,0.63805,0.69403,0.6703,0.59298,0.5645,0.51628,0.44523
NaN,NaN,NaN,NaN,NaN,0.26046,0.37016,0.46484,0.54939,0.60507,0.64486,0.66378,0.67306,0.68354,0.66647,0.65652,0.67829,0.69847,0.6692,0.56261,0.41584,0.19145,0.049736,0.21924,0.46139,0.58558,0.66899,0.67584,0.6131,0.57233,0.52487,0.50753
NaN,NaN,NaN,NaN,NaN,NaN,0.30004,0.3925,0.50845,0.57787,0.62457,0.66037,0.69162,0.66148,0.59825,0.62138,0.66715,0.69088,0.68443,0.61542,0.4919,0.28957,0.042686,0.097065,0.29167,0.47449,0.6043,0.65621,0.65942,0.63607,0.54809,0.54453
NaN,NaN,NaN,NaN,NaN,NaN,NaN,NaN,0.42763,0.49521,0.55927,0.63073,0.68569,0.62144,0.51057,0.55985,0.63633,0.6726,0.67811,0.63433,0.54869,0.38406,0.10073,0.0090225,0.097914,0.33359,0.51271,0.5912,0.65104,0.65817,0.58702,0.57286
NaN,NaN,NaN,NaN,NaN,NaN,NaN,NaN,0.36548,0.42486,0.49214,0.56904,0.61792,NaN,0.47429,0.50396,0.57654,0.6157,0.64945,0.63368,0.58958,0.50542,0.23741,-0.0056244,-0.004521,0.19744,0.43683,0.51412,0.5671,0.60976,0.60207,0.5734
NaN,NaN,NaN,NaN,NaN,NaN,NaN,NaN,NaN,NaN,0.46155,NaN,0.5294,0.51125,NaN,NaN,0.52278,0.56024,0.61005,0.61201,0.59244,0.54747,0.33695,0.058177,0.0071489,0.13431,0.38709,0.43963,0.44093,0.51704,0.55841,0.51954
NaN,NaN,NaN,NaN,NaN,NaN,NaN,NaN,NaN,0.43452,0.44577,0.45639,NaN,NaN,0.468,NaN,NaN,0.53515,0.56585,0.60092,0.58592,0.55274,0.41785,0.13252,0.073129,0.17205,0.29787,0.25382,0.2432,0.36555,0.47571,0.45091
NaN,NaN,NaN,NaN,NaN,NaN,NaN,NaN,NaN,NaN,0.44945,0.47958,0.53609,NaN,NaN,NaN,NaN,NaN,0.58698,0.61157,0.59089,0.56295,0.4798,0.25857,0.20269,0.28192,0.27864,0.20278,0.15519,0.2739,0.31902,0.3309
NaN,NaN,NaN,NaN,NaN,NaN,NaN,NaN,NaN,NaN,NaN,0.54561,0.57926,0.64651,0.66674,0.62518,0.59242,NaN,NaN,0.61241,0.59103,0.59873,0.55139,0.42158,0.39766,0.40656,0.29993,0.13202,0.077915,0.09812,0.079988,0.14596
NaN,NaN,NaN,NaN,NaN,0.19325,0.10938,NaN,NaN,NaN,NaN,0.54366,0.5884,0.65937,0.66336,0.62373,0.58481,0.57725,0.61191,NaN,0.58323,0.61203,0.59747,0.49472,0.47396,0.45386,0.32574,0.15964,0.11365,0.10259,-0.041352,0.060164
NaN,NaN,NaN,NaN,NaN,0.095158,0.26274,0.32072,NaN,NaN,0.53868,0.58175,0.61027,0.65191,0.6234,0.59369,0.53985,0.51998,0.56006,0.57549,0.59148,0.62557,0.62067,0.50914,0.44171,0.3822,0.29852,0.21649,0.25815,0.23356,0.14787,0.18813
NaN,NaN,NaN,NaN,NaN,-0.10773,0.13058,0.28131,0.35314,0.44806,0.56331,0.60374,0.61865,0.61053,0.52692,NaN,NaN,0.46447,0.49249,0.53609,0.60334,0.63111,0.6373,0.50742,0.40761,0.34165,0.30892,0.29371,0.32107,0.32029,0.35335,0.40023
NaN,NaN,NaN,NaN,NaN,-0.1161,0.16513,0.30151,0.39989,0.48859,0.56231,0.57533,0.53116,0.43572,NaN,NaN,NaN,NaN,0.4278,0.48729,0.58769,0.63423,0.66322,0.55624,0.43928,0.33203,0.29292,0.35075,0.38809,0.34905,0.36524,0.39805
NaN,NaN,NaN,NaN,-0.10638,-0.0048443,0.22007,0.29339,0.33079,0.41243,0.5123,0.51287,0.41294,0.27143,NaN,NaN,NaN,NaN,0.36828,0.45029,0.5587,0.62385,0.64586,0.57381,0.47119,0.32699,0.23708,0.3509,NaN,NaN,NaN,0.37228
NaN,NaN,NaN,NaN,0.13972,0.083437,0.18695,0.22852,0.27488,0.36507,0.47862,0.45681,0.32857,NaN,NaN,NaN,NaN,NaN,0.30886,0.40288,0.54409,0.6332,0.63927,0.55531,0.45904,0.30372,0.12059,NaN,NaN,NaN,NaN,NaN
NaN,NaN,NaN,0.16243,0.12835,0.095467,0.12404,0.201,0.32818,0.36416,0.39432,0.30156,0.17412,NaN,0.1,NaN,0.2169,0.26974,0.26219,0.37081,0.54224,0.64699,0.63634,0.54419,0.4509,0.29984,0.070273,NaN,NaN,NaN,NaN,NaN
NaN,NaN,-0.25413,0.098295,0.088061,0.10616,0.06214,0.13437,0.34969,0.35029,0.28376,0.17416,0.098491,0.087295,0.083814,0.03539,0.14192,NaN,0.26749,0.34852,0.51528,0.63969,0.63083,0.52799,0.44505,0.32672,NaN,NaN,NaN,NaN,NaN,NaN
-0.11278,-0.10186,-0.039342,0.2062,0.20534,0.12912,0.10111,0.20242,0.26273,0.2444,0.21839,0.14005,0.075764,0.12588,0.049358,-0.025725,0.16693,NaN,0.27958,0.31969,0.48008,0.61188,0.61094,0.50562,0.42299,0.33087,NaN,NaN,NaN,NaN,NaN,NaN
-0.015161,0.0095082,0.12339,0.23541,0.19452,0.15366,0.16551,0.18471,0.15414,0.14798,0.17185,0.14693,0.13077,0.19614,0.16074,0.14867,0.24108,0.29023,0.28775,0.3144,0.46072,0.59187,0.58037,0.47078,0.37892,NaN,NaN,NaN,NaN,NaN,NaN,NaN
0.21424,0.21691,0.22379,0.16248,0.1211,0.16713,0.2056,0.16956,0.11007,0.12952,0.20644,NaN,NaN,0.39458,0.47843,0.40852,0.33172,0.31053,0.29939,0.3263,0.43974,0.56801,0.56113,0.44619,NaN,NaN,NaN,NaN,NaN,NaN,NaN,NaN
0.26523,0.22094,0.1866,0.13146,0.1194,0.18765,0.2321,0.21004,0.17248,0.21819,0.30927,0.35065,0.39477,0.50069,0.51444,0.38825,0.28024,0.24504,0.26191,0.30181,0.40677,0.55398,0.57261,0.52706,NaN,NaN,NaN,NaN,NaN,NaN,NaN,NaN
0.38272,0.26226,0.17447,0.15493,0.17932,0.20988,0.22708,0.23296,0.25239,0.33387,0.40352,0.42011,0.41125,0.44897,0.41826,0.26173,0.19684,0.19473,0.2262,0.26634,0.37026,0.52752,0.56503,0.52399,NaN,NaN,NaN,NaN,NaN,NaN,NaN,NaN
0.37153,0.26136,0.18358,0.18001,0.20643,0.25983,0.27599,0.25566,0.27363,0.37845,0.46052,0.46738,0.44708,0.4567,0.34875,0.16138,0.13814,0.16481,0.19896,0.24709,0.3463,0.48052,NaN,NaN,NaN,NaN,NaN,NaN,NaN,NaN,NaN,NaN
0.3307,0.27066,0.22097,0.17955,0.21418,0.28914,0.29385,0.24167,0.25416,0.38862,0.48835,0.49561,0.48811,0.47855,0.32844,0.10165,NaN,NaN,0.13193,0.22358,0.29694,0.38629,NaN,NaN,NaN,NaN,NaN,NaN,NaN,NaN,NaN,NaN
0.37099,0.28594,0.2177,0.18563,0.23875,0.31132,0.29061,0.2416,0.28286,0.42702,0.49736,0.44662,0.44395,0.481,0.37332,0.17627,0.02603,-0.041211,0.070847,0.18689,0.24464,0.33549,NaN,NaN,NaN,NaN,NaN,NaN,NaN,NaN,NaN,NaN
0.34694,0.28332,0.24149,0.24048,0.31121,0.32625,0.26917,0.2622,0.36452,0.49584,0.48897,0.37515,0.39909,0.46048,0.42036,0.26011,0.086186,NaN,NaN,0.068035,0.16511,0.29123,0.35961,0.32112,NaN,NaN,NaN,NaN,NaN,NaN,NaN,NaN
0.26405,0.24436,0.22749,0.27272,0.37562,0.36166,0.30757,0.33981,0.46492,0.55616,0.52501,0.42479,0.44691,0.47531,0.3979,0.20717,0.097459,NaN,NaN,NaN,0.13194,0.27472,0.36943,0.33095,0.22341,NaN,NaN,NaN,NaN,NaN,NaN,NaN
0.23322,0.23638,0.25745,0.31785,0.40064,0.38992,0.36156,0.43408,0.56524,0.61444,0.57425,0.52328,0.50432,0.48203,0.35723,0.1531,0.079191,NaN,NaN,NaN,0.18144,0.3033,0.3944,0.38857,0.24186,NaN,NaN,NaN,NaN,NaN,NaN,NaN
0.24999,0.24594,0.27317,0.31914,0.37187,0.39541,0.3845,0.49007,0.60863,0.63778,0.59298,0.5099,0.49042,0.44843,0.32533,0.11143,0.024751,0.10709,NaN,NaN,NaN,0.23623,NaN,NaN,NaN,NaN,NaN,NaN,NaN,NaN,NaN,NaN
0.26776,0.24081,0.25788,0.30322,0.38125,0.4027,0.39527,0.47879,0.58281,0.60418,0.56774,0.48679,0.46095,0.42352,0.32275,0.092561,-0.03556,0.037077,NaN,NaN,0.18965,0.19742,0.18697,0.16647,NaN,NaN,NaN,NaN,NaN,NaN,NaN,NaN
0.26582,0.22463,0.22841,0.29094,0.38962,0.41852,0.40052,0.45926,0.54668,0.55195,0.53122,0.46459,0.4114,0.33971,0.22973,0.034116,-0.083805,-0.0058308,0.14259,NaN,0.2006,0.19209,0.18952,0.15534,0.12999,0.13386,NaN,NaN,NaN,NaN,NaN,NaN
0.25614,0.19812,0.19471,0.26746,0.37063,0.41026,0.40203,0.45468,0.5164,0.50808,0.50653,0.44464,0.36435,0.29053,0.18789,0.043399,-0.030429,0.033181,0.15316,0.18386,NaN,0.17066,0.187,0.15578,0.12004,0.14998,NaN,NaN,NaN,NaN,NaN,NaN
0.22566,0.17291,0.18642,0.26593,0.34301,0.38641,0.40133,0.44615,0.49073,0.49005,0.48754,0.41909,0.32941,0.24673,0.14545,0.045812,0.025337,0.072918,0.15498,0.18627,0.17075,0.18595,0.1981,0.15361,0.11091,0.15415,0.13912,-0.0039751,NaN,NaN,NaN,NaN
0.21242,0.16264,0.21187,0.2728,0.31434,0.38289,0.42573,0.45444,0.46896,0.4667,0.45608,0.39227,0.31496,0.24226,0.14181,0.088057,0.065846,0.079903,0.16202,0.19276,0.21468,0.24702,0.20868,0.11506,0.068963,0.12872,0.1643,0.092845,0.035505,NaN,NaN,NaN
0.22281,0.15711,0.23109,0.26661,0.27373,0.3696,0.43109,0.44473,0.42963,0.43048,0.42274,0.37543,0.35034,0.29879,0.22458,0.20902,0.16964,0.045155,0.11776,0.17385,0.23348,0.29402,0.22651,0.077004,0.0059216,0.078602,0.17252,0.17144,0.11827,0.093878,0.17371,0.31251
0.2388,0.1521,0.22935,0.26309,0.26544,0.34811,0.41894,0.44144,0.40465,0.40348,0.40537,0.37726,0.37915,0.35296,0.31003,0.39323,0.33655,0.12361,0.031439,0.091458,0.19719,0.28588,0.23262,0.082643,0.00075658,0.041987,0.14141,0.18978,0.15837,0.11955,0.14226,0.22865
0.24485,0.14243,0.21128,0.2536,0.26113,0.32137,0.40289,0.42849,0.39479,0.35942,0.36491,0.33977,0.3802,0.38091,0.40998,0.50501,0.4964,0.32777,0.071887,0.036736,0.15413,0.25066,0.21507,0.10054,0.017654,0.0131,0.077046,0.15601,0.17888,0.14236,0.14011,0.1848
0.20644,0.11775,0.17892,0.2261,0.26378,0.32006,0.38436,0.39946,0.32974,0.3002,0.27509,0.27852,0.36701,0.41965,0.49775,0.60419,0.61053,0.49761,0.22171,0.040621,0.10711,0.20426,0.17434,0.089882,0.033138,0.027499,0.04656,0.111,0.16956,0.14469,0.14197,0.2037
0.15636,0.089079,0.16424,0.24042,0.28206,0.32291,0.37846,0.36735,0.29473,0.253,0.18433,0.19932,0.34727,0.4141,0.53591,0.66115,0.68943,0.61186,0.38187,0.067017,0.012124,0.09248,0.1081,0.063113,0.069594,0.074432,0.046218,0.084631,0.17229,0.20306,0.24844,0.2892
0.095444,0.058866,0.16294,0.25805,0.29568,0.3388,0.37574,0.34625,0.27901,0.25141,0.18839,0.20003,0.34284,0.3941,0.52123,0.67928,0.73355,0.70072,0.51642,0.1923,-0.020525,0.0053274,0.029074,0.043123,0.10028,0.13108,0.085748,0.080948,0.15323,0.21101,0.26645,0.30924
0.044793,0.052796,0.21745,0.28871,0.28402,0.32707,0.34585,0.29677,0.26757,0.28653,0.2632,0.29061,0.4164,0.44079,0.54851,0.68842,0.7562,0.74913,0.6212,0.35812,0.0125,-0.080128,-0.04037,0.023743,0.10583,0.16091,0.11758,0.072016,0.15244,0.24048,0.2623,0.23111
0.023283,0.045521,0.2205,0.28539,0.28085,0.3141,0.31397,0.25629,0.26425,0.3386,0.3563,0.39571,0.4806,0.52607,0.61749,0.71261,0.76722,0.78244,0.70911,0.52963,0.16592,-0.056278,-0.054773,-0.0092538,0.088588,0.18111,0.17159,0.13586,0.20758,0.27952,0.23333,0.15699
0.06734,0.046967,0.19213,0.25709,0.27815,0.30507,0.27867,0.21246,0.25607,0.38529,0.4502,0.46696,0.56909,0.62742,0.67988,0.73702,0.77803,0.80066,0.77324,0.648,0.35085,0.022919,-0.081709,-0.083513,0.022414,0.1553,0.18266,0.18315,0.24259,0.26743,0.13919,0.0589
0.074575,0.038918,0.15552,0.24934,0.306,0.32088,0.26285,0.17994,0.23766,0.39842,0.48537,0.52623,0.62956,0.69409,0.72865,0.758,0.79154,0.81852,0.80654,0.69895,0.46349,0.099404,-0.046599,-0.093021,0.019406,0.16106,0.19519,0.19355,0.23687,0.24537,0.14402,0.10545
0.12042,0.10846,0.18237,0.26621,0.32345,0.31185,0.23948,0.18492,0.26153,0.39191,0.48285,0.57082,0.67338,0.72827,0.77913,0.80047,0.82281,0.8366,0.82452,0.74641,0.56133,0.14577,-0.0084374,-0.068278,0.026624,0.16943,0.22603,0.23066,0.20162,0.15868,0.11613,0.15214
0.1778,0.20665,0.26954,0.31587,0.33543,0.30787,0.24125,0.23496,0.31577,0.39778,0.44696,0.54988,0.67508,0.74554,0.80338,0.8309,0.84847,0.85424,0.84381,0.78796,0.61838,0.22223,-0.026802,-0.076309,0.0015989,0.15752,0.23887,0.2454,0.21589,0.1637,0.11903,0.15208
0.21026,0.26767,0.32634,0.32713,0.31553,0.27266,0.24731,0.29029,0.3602,0.41327,0.44721,0.56309,0.69238,0.75591,0.8165,0.85037,0.8681,0.87255,0.86538,0.83131,0.69011,0.26982,-0.043231,-0.084871,0.011663,0.1724,0.244,0.24237,0.22891,0.1951,0.12744,0.13707
0.2652,0.30724,0.34846,0.31844,0.29496,0.26101,0.24433,0.31417,0.39218,0.44994,0.50405,0.62521,0.72701,0.77716,0.82704,0.85194,0.8712,0.88376,0.87875,0.84462,0.71403,0.32983,-0.030564,-0.091578,0.024174,0.18946,0.25235,0.22046,0.21964,0.2011,0.11493,0.14867
0.30236,0.28886,0.31782,0.29932,0.28445,0.26103,0.2452,0.32691,0.4195,0.5066,0.59288,0.68963,0.76215,0.80404,0.83153,0.8474,0.87172,0.89464,0.88518,0.84513,0.74726,0.4707,0.080992,-0.059759,0.044406,0.19889,0.26916,0.2547,0.23181,0.18768,0.097011,0.14378
0.32324,0.28142,0.30931,0.29589,0.28015,0.25507,0.25903,0.34946,0.45075,0.57766,0.67158,0.73354,0.78211,0.82123,0.8352,0.84626,0.87575,0.90368,0.89468,0.86066,0.80063,0.63529,0.28822,-0.011962,0.04513,0.17309,0.26991,0.29686,0.26473,0.17683,0.07539,0.09928
0.37902,0.33509,0.33506,0.30106,0.26605,0.23747,0.29137,0.38966,0.48854,0.60973,0.7016,0.74543,0.79511,0.82887,0.83751,0.85038,0.88165,0.90928,0.90906,0.88378,0.82742,0.71741,0.4404,0.051465,0.037986,0.14958,0.26496,0.32038,0.29605,0.20897,0.12449,0.11248
0.42493,0.37128,0.3497,0.30069,0.24058,0.22791,0.33616,0.41949,0.49168,0.60474,0.69107,0.73523,0.80148,0.83025,0.83399,0.84673,0.87448,0.90663,0.91533,0.88739,0.83535,0.75243,0.54189,0.13816,0.044621,0.12884,0.24267,0.33792,0.3371,0.30444,0.25844,0.22292
0.45532,0.40838,0.37674,0.3092,0.23474,0.23102,0.36454,0.44133,0.48901,0.59397,0.68439,0.77106,0.8173,0.83264,0.82855,0.83306,0.85614,0.89387,0.91224,0.89105,0.83574,0.79268,0.63781,0.21888,0.069656,0.14481,0.24655,0.34241,0.35147,0.36011,0.34994,0.32947
0.47107,0.43533,0.42029,0.34044,0.24803,0.25395,0.38849,0.46667,0.49534,0.60112,0.69312,0.7768,0.82268,0.83089,0.82152,0.81624,0.84142,0.88406,0.91069,0.89507,0.8545,0.81844,0.68175,0.31728,0.10221,0.18093,0.25932,0.33599,0.32881,0.33744,0.35709,0.32622
0.44696,0.43314,0.4304,0.36279,0.28973,0.3007,0.41596,0.47817,0.53966,0.63059,0.67994,0.72446,0.80975,0.83843,0.82805,0.82022,0.84054,0.88551,0.91326,0.89984,0.86845,0.82991,0.73109,0.42607,0.11059,0.16193,0.25557,0.33997,0.3306,0.30831,0.3138,0.28309
0.45158,0.42733,0.40687,0.3503,0.30881,0.35465,0.46107,0.52386,0.57432,0.65288,0.66731,0.71679,0.83085,0.86187,0.84628,0.83058,0.84586,0.88698,0.91458,0.90027,0.87094,0.82579,0.74473,0.52369,0.13392,0.13669,0.2822,0.37438,0.37793,0.34908,0.32459,0.30413
0.4318,0.39586,0.35142,0.31247,0.30701,0.39885,0.52265,0.60727,0.66397,0.68271,0.67661,0.75254,0.85208,0.87391,0.85341,0.83395,0.84486,0.88704,0.9139,0.90001,0.87531,0.83598,0.7662,0.58669,0.21119,0.15126,0.3142,0.43367,0.44836,0.41755,0.39565,0.3856
0.38361,0.342,0.30617,0.27197,0.30194,0.42346,0.55903,0.65737,0.70901,0.72091,0.70854,0.77546,0.86009,0.87287,0.85114,0.82929,0.83813,0.88242,0.91409,0.90653,0.88967,0.8533,0.78263,0.6402,0.29958,0.17194,0.34437,0.46761,0.49347,0.4616,0.43136,0.41756
0.35083,0.30845,0.29959,0.2805,0.31487,0.45067,0.57471,0.65437,0.70927,0.72787,0.71923,0.78929,0.8667,0.86891,0.84321,0.81651,0.82687,0.87022,0.91047,0.91491,0.89992,0.8672,0.80594,0.70241,0.39733,0.18677,0.31948,0.43727,0.45333,0.42731,0.42936,0.44726
0.3385,0.3312,0.35067,0.33108,0.36399,0.49366,0.61184,0.68436,0.73092,0.7538,0.7581,0.82453,0.87474,0.87015,0.83759,0.80661,0.82159,0.86604,0.91312,0.92528,0.90381,0.86361,0.83886,0.76333,0.51154,0.20234,0.23541,0.35959,0.4385,0.44198,0.43481,0.45462
0.36655,0.37737,0.39338,0.37185,0.41832,0.55571,0.65115,0.71787,0.76475,0.76232,0.77107,0.83066,0.87471,0.8733,0.83324,0.79915,0.81532,0.865,0.91673,0.92311,0.8877,0.85151,0.82573,0.77983,0.55309,0.20047,0.18226,0.30304,0.41528,0.47397,0.49242,0.50161
0.35801,0.36628,0.35895,0.36293,0.48706,0.61372,0.69647,0.74983,0.75574,0.75889,0.7975,0.8377,0.87551,0.88273,0.84515,0.80234,0.80946,0.85991,0.91388,0.91591,0.88346,0.8525,0.84386,0.78699,0.59842,0.25037,0.18629,0.30422,0.41047,0.50636,0.54937,0.54439
0.30248,0.30399,0.29697,0.37035,0.55244,0.66559,0.7249,0.76756,0.74879,0.75033,0.80114,0.84528,0.87828,0.88821,0.85301,0.80811,0.80295,0.8548,0.91243,0.92083,0.9025,0.87644,0.86014,0.79967,0.63141,0.29715,0.20713,0.31959,0.44215,0.53752,0.55637,0.56139
0.25261,0.23757,0.26772,0.41831,0.62608,0.73257,0.76942,0.78504,0.74947,0.75155,0.80501,0.85467,0.88159,0.89234,0.86255,0.81756,0.80851,0.85993,0.91517,0.92901,0.91575,0.89377,0.8699,0.81207,0.67628,0.39086,0.23226,0.34845,0.46507,0.53592,0.55593,0.55938
0.24307,0.23897,0.32474,0.51418,0.68797,0.77652,0.80021,0.79766,0.76522,0.77009,0.80157,0.84409,0.88342,0.89673,0.86856,0.81958,0.81202,0.86458,0.91542,0.93019,0.91891,0.89646,0.8659,0.81699,0.7032,0.47731,0.28014,0.39037,0.4894,0.52852,0.53963,0.55012
0.26854,0.29063,0.41785,0.61389,0.74819,0.81418,0.81659,0.80222,0.78361,0.78884,0.8064,0.84193,0.8856,0.89778,0.86425,0.81546,0.80997,0.86047,0.90956,0.92488,0.91241,0.88638,0.85934,0.81959,0.70981,0.51861,0.31789,0.41893,0.51349,0.53673,0.54155,0.54238
0.25063,0.32758,0.50019,0.68635,0.78944,0.83244,0.81886,0.80315,0.79104,0.78822,0.81423,0.85565,0.88883,0.89175,0.86023,0.81072,0.79893,0.84429,0.8937,0.91272,0.90104,0.87238,0.84828,0.81182,0.70718,0.52136,0.30415,0.367,0.49658,0.54706,0.55537,0.5369
0.24004,0.37649,0.57378,0.73006,0.81451,0.83913,0.82124,0.80266,0.78697,0.78335,0.81672,0.87527,0.89591,0.88363,0.85445,0.80372,0.78194,0.81913,0.87141,0.90136,0.89716,0.87044,0.84384,0.80149,0.70774,0.53627,0.31531,0.30524,0.44257,0.52497,0.55535,0.51611
0.28457,0.46053,0.63176,0.76152,0.81911,0.8252,0.81064,0.80172,0.78986,0.78732,0.82145,0.87982,0.89934,0.87485,0.84459,0.79139,0.76326,0.79522,0.85608,0.90203,0.90371,0.87578,0.83743,0.79143,0.71447,0.57862,0.38683,0.27608,0.37998,0.49163,0.55235,0.50884
0.38208,0.5564,0.68545,0.77569,0.81389,0.80501,0.79318,0.78745,0.7844,0.80379,0.84093,0.88362,0.90059,0.86928,0.82688,0.77588,0.75499,0.7952,0.86168,0.90994,0.90403,0.87077,0.82373,0.78251,0.70867,0.58761,0.43781,0.28115,0.37615,0.48488,0.56292,0.52968
0.4781,0.60258,0.70756,0.7821,0.80188,0.7851,0.77029,0.7656,0.77243,0.81817,0.86574,0.88917,0.89551,0.86956,0.82503,0.77419,0.76705,0.8157,0.87117,0.90138,0.89618,0.86429,0.82479,0.77384,0.71158,0.61362,0.49336,0.31965,0.36999,0.47411,0.55092,0.52139
0.53619,0.61961,0.7094,0.78179,0.79297,0.77873,0.7556,0.73632,0.74919,0.80896,0.86607,0.89008,0.89227,0.87604,0.83958,0.78891,0.78,0.82087,0.86539,0.88978,0.89175,0.86023,0.81425,0.76257,0.70546,0.62602,0.5018,0.3278,0.35188,0.44939,0.53476,0.49663
0.54459,0.6135,0.68808,0.75015,0.7736,0.78792,0.77361,0.74134,0.74135,0.80388,0.85593,0.88225,0.89018,0.87732,0.84571,0.79415,0.77691,0.81119,0.85296,0.88039,0.88623,0.85593,0.80854,0.76718,0.72174,0.65538,0.52485,0.3324,0.29886,0.41881,0.49613,0.47064
0.55651,0.60558,0.66155,0.72012,0.75844,0.78958,0.77644,0.7437,0.74085,0.79732,0.8438,0.87348,0.88975,0.87268,0.83848,0.7866,0.76767,0.80094,0.84307,0.87145,0.88036,0.85187,0.80633,0.7714,0.73798,0.67727,0.54374,0.3505,0.28142,0.37383,0.44411,0.44809
0.57171,0.62001,0.68005,0.72988,0.77347,0.79611,0.78293,0.75143,0.74714,0.79265,0.83153,0.86612,0.89117,0.87784,0.83189,0.77586,0.76281,0.80028,0.84326,0.86935,0.88081,0.8499,0.80086,0.76777,0.73531,0.67019,0.54749,0.38576,0.29209,0.36514,0.40653,0.43376
0.59576,0.63863,0.70149,0.75058,0.78962,0.80399,0.78863,0.7607,0.74458,0.78949,0.82488,0.86002,0.89134,0.88528,0.83278,0.77129,0.75845,0.79892,0.83815,0.86491,0.87512,0.8491,0.80466,0.77538,0.73454,0.66942,0.55557,0.40342,0.28558,0.34,0.37425,0.40831
0.6189,0.63972,0.69424,0.75824,0.78914,0.79248,0.78805,0.76515,0.74276,0.80002,0.8366,0.86527,0.89003,0.88354,0.83058,0.76805,0.75636,0.79391,0.83141,0.86355,0.86868,0.8447,0.80029,0.772,0.73092,0.66736,0.56384,0.41027,0.27257,0.28473,0.3163,0.36328
0.6228,0.63576,0.69115,0.75976,0.78376,0.78796,0.78923,0.77095,0.75245,0.81323,0.85725,0.88218,0.89501,0.87404,0.81786,0.75646,0.75028,0.78624,0.82468,0.85906,0.86216,0.83449,0.7924,0.76147,0.72763,0.67027,0.56902,0.42128,0.28637,0.27481,0.26919,0.32755
0.62035,0.65391,0.70753,0.756,0.76521,0.7651,0.76886,0.77184,0.7628,0.81318,0.85973,0.88369,0.8915,0.86481,0.80442,0.75225,0.7498,0.78372,0.81719,0.85261,0.85197,0.82665,0.78421,0.7473,0.71979,0.67651,0.58001,0.44277,0.2925,0.22496,0.25469,0.29751
0.64001,0.69005,0.72718,0.76135,0.76086,0.74766,0.74916,0.76317,0.76464,0.80227,0.84228,0.86998,0.8776,0.85635,0.80162,0.75199,0.74412,0.7753,0.80567,0.84402,0.84239,0.81504,0.77885,0.73502,0.71497,0.68843,0.6171,0.49601,0.31462,0.18662,0.23615,0.29754
0.71489,0.74063,0.76237,0.7871,0.77955,0.76328,0.75874,0.77343,0.78518,0.79754,0.83959,0.86598,0.86496,0.8363,0.78358,0.74366,0.73413,0.76227,0.79623,0.83577,0.83913,0.80537,0.76235,0.72412,0.70863,0.69785,0.65247,0.55526,0.33515,0.12971,0.18695,0.26908
0.77439,0.7785,0.79713,0.81985,0.8087,0.78366,0.77471,0.78434,0.79559,0.79792,0.84322,0.86737,0.85633,0.81353,0.75093,0.72405,0.72049,0.74939,0.7871,0.82558,0.83116,0.79235,0.74205,0.70515,0.69861,0.69902,0.67423,0.59172,0.35174,0.11163,0.149,0.21612
0.78442,0.78114,0.7976,0.83145,0.83243,0.79709,0.7703,0.76571,0.77805,0.79393,0.83598,0.85586,0.84581,0.79589,0.72731,0.70835,0.71284,0.74217,0.77578,0.81146,0.81325,0.76875,0.71702,0.68444,0.68318,0.69183,0.67727,0.63432,0.43389,0.14498,0.11531,0.19262
NaN,0.78982,0.78488,0.80152,0.82014,0.79299,0.73956,0.72611,0.7476,0.78805,0.82342,0.83392,0.82972,0.78096,0.71371,0.6941,0.69945,0.73008,0.7615,0.79807,0.79602,0.74815,0.6993,0.67113,0.667,0.6706,0.66611,0.65518,0.47726,0.17358,0.11453,0.17
NaN,NaN,0.75355,0.74979,0.75744,0.74607,0.69149,0.68172,0.72695,0.78419,0.8126,0.81779,0.82137,0.77069,0.70579,0.68031,0.67899,0.71115,0.75108,0.78656,0.78563,0.7332,0.69259,0.66333,0.64733,0.64287,0.63696,0.62722,0.47368,0.1623,0.0995,0.14351
NaN,NaN,0.72534,0.71489,0.68059,0.66346,0.64502,0.65824,0.71695,0.75955,0.77522,0.79567,0.81897,0.77753,0.71688,0.67283,0.66443,0.69715,0.74205,0.77365,0.77487,0.72037,0.68293,0.6564,0.61807,0.61536,0.60964,0.59365,0.46854,0.21124,0.082433,0.10316
NaN,NaN,NaN,0.68129,0.6629,0.64998,0.66231,0.68645,0.70993,0.71898,0.72829,0.76337,0.80718,0.78355,0.72223,0.67092,0.65579,0.69127,0.73285,0.7633,0.76249,0.70716,0.68321,0.64137,0.59406,0.58501,0.57971,0.57765,0.50853,0.31714,0.1173,0.08585
NaN,NaN,NaN,NaN,0.72224,0.70665,0.69654,0.68851,0.69093,0.68996,0.69668,0.73172,0.77958,0.75948,0.6947,0.64618,0.63657,0.68229,0.72421,0.75319,0.74384,0.69302,0.66666,0.61337,0.55104,0.54308,0.54888,0.55691,0.53129,0.39243,0.1925,0.13523
NaN,NaN,NaN,NaN,NaN,NaN,0.70409,0.68608,0.67241,0.67045,0.69058,0.73332,0.77315,0.75368,0.674,0.61034,0.61037,0.65925,0.70109,0.73226,0.72307,0.6797,0.65306,0.60096,0.54078,0.52154,0.52351,0.52095,0.49778,0.41393,0.25825,0.21084
NaN,NaN,NaN,NaN,NaN,NaN,0.65834,0.66717,0.67705,0.66426,0.71243,0.75987,0.77925,0.7646,0.6657,0.56666,0.56934,0.62953,0.66522,0.69855,0.70499,0.6782,0.65459,0.60536,0.53489,0.50425,0.50912,0.48738,0.44889,0.41108,0.29068,0.21295
NaN,NaN,NaN,NaN,NaN,NaN,NaN,0.59677,0.6461,0.63845,0.7102,0.77621,0.79185,0.77128,0.64182,0.52429,0.52701,0.59522,0.62654,0.66235,0.69948,0.67626,0.65194,0.61483,0.54732,0.5081,0.50212,0.47334,0.4218,0.39974,0.32524,0.22421
NaN,NaN,NaN,NaN,NaN,NaN,NaN,0.51949,0.56199,0.5623,0.6716,0.77392,0.80142,0.76835,0.60241,0.47733,0.49349,0.55728,0.59718,0.65476,0.70857,0.68371,0.65598,0.6292,0.56307,0.51702,0.50588,0.47,0.40151,0.38151,0.34022,0.24264
NaN,NaN,NaN,-0.026068,-0.054513,NaN,NaN,NaN,0.54599,0.55257,0.65435,0.76532,0.80592,0.77057,0.5759,0.44962,0.46702,0.52382,0.57789,0.67396,0.72388,0.68596,0.66308,0.6662,0.58189,0.51997,0.50001,0.44902,0.37167,0.3407,0.33907,0.28271
NaN,0.17166,0.095049,-0.035149,-0.064434,0.077181,NaN,NaN,0.53369,0.5584,0.66169,0.77272,0.80961,0.78235,0.56677,0.4182,0.42108,0.47995,0.55458,0.66761,0.71002,0.66223,0.66058,0.68453,0.61926,0.52821,0.47771,0.42714,0.35837,0.32582,0.34632,0.3528
-0.019092,0.045145,0.026588,-0.052388,-0.058082,0.084634,NaN,NaN,0.55909,0.57701,0.6848,0.78025,0.81645,0.78713,0.5572,0.38242,0.38742,0.46043,0.54051,0.64939,0.6858,0.6409,0.64413,0.68681,0.6518,0.53935,0.4546,0.40628,0.35457,0.3166,0.32181,0.33319
-0.024929,0.04079,0.029745,0.0018017,0.080781,0.14623,NaN,NaN,0.6038,0.63743,0.73405,0.79713,0.82213,0.79031,0.53803,0.33408,0.34391,0.4543,0.55049,0.62269,0.65847,0.63825,0.63895,0.66748,0.66332,0.56281,0.44593,0.38802,0.3516,0.31689,0.30792,0.31456
0.05358,0.078902,0.029581,0.033182,0.20949,NaN,NaN,NaN,NaN,0.68807,0.76089,0.80987,0.81878,0.76909,0.49114,0.25998,0.28449,0.43388,0.54405,0.60271,0.63994,0.65095,0.63736,0.64062,0.65157,0.58432,0.46487,0.40023,0.35533,0.30625,0.28787,0.27941
0.081223,0.024256,0.014065,0.21155,0.39948,NaN,0.62395,0.584,NaN,0.71585,0.7683,0.80967,0.79702,0.75128,0.45666,0.19763,0.21899,0.36121,0.49777,0.59293,0.64206,0.65407,0.64022,0.62737,0.62791,0.60054,0.50485,0.42611,0.36153,0.29794,0.26783,0.26129
-0.029802,-0.11864,0.029703,0.40664,0.5701,0.63968,0.65107,0.61597,NaN,NaN,0.74018,0.78119,0.76573,0.74846,0.47789,0.18681,0.17164,0.27673,0.41994,0.55258,0.61575,0.63668,0.64881,0.62962,0.60946,0.60024,0.54733,0.4631,0.38031,0.30643,0.26717,0.25409
-0.2427,-0.29364,-0.1646,0.33174,0.57488,0.62564,0.63036,0.59618,NaN,NaN,NaN,0.76466,0.75596,0.72719,0.50998,0.23828,0.18451,0.24447,0.33976,0.47306,0.56961,0.60825,0.63629,0.63159,0.60918,0.60089,0.56831,0.50614,0.42306,0.33282,0.27584,0.24179
NaN,NaN,-0.16214,0.22274,0.52558,0.59952,0.59682,0.57132,0.5574,0.53461,0.57084,NaN,0.72225,0.64194,0.47473,0.30304,0.23827,0.25437,0.28713,0.35308,0.4637,0.54357,0.60646,0.61819,0.60866,0.60591,0.58688,0.54191,0.4522,0.3494,0.298,0.25772
-0.19239,NaN,NaN,0.18883,0.50688,0.59287,0.59375,0.56629,0.58299,0.61463,0.63559,NaN,0.58171,0.53304,0.4736,0.33901,0.26329,0.2694,NaN,0.31896,0.39792,0.46471,0.53046,0.57872,0.60752,0.62418,0.59843,0.54167,0.46159,0.36944,0.34116,0.3146
-0.20792,-0.075824,0.12569,0.4241,0.54946,0.61175,0.61179,0.55855,0.56219,0.59919,0.61857,0.55104,0.50416,0.50178,0.52055,NaN,NaN,NaN,NaN,NaN,NaN,0.3838,0.40756,0.50538,0.58405,0.59656,0.56808,0.51336,0.46121,0.42837,0.45049,0.44644
-0.10575,-0.003815,0.22564,0.48457,0.53863,0.58836,0.59559,0.57092,0.56913,0.59549,0.59619,NaN,NaN,NaN,NaN,NaN,NaN,NaN,NaN,NaN,NaN,NaN,0.3467,0.44416,0.53734,0.54306,0.52954,0.485,0.45494,0.46975,0.5161,0.51359
-0.14018,-0.046517,0.28104,0.55815,0.55341,0.5639,0.58939,0.58877,0.5744,0.55156,NaN,NaN,NaN,NaN,NaN,NaN,NaN,NaN,NaN,NaN,NaN,NaN,NaN,NaN,0.46615,0.48525,0.48927,0.46018,0.42581,0.457,0.49582,0.48287
-0.072237,0.056848,0.42708,0.57384,0.56853,0.5721,0.5958,0.58187,0.544,0.48911,NaN,NaN,NaN,NaN,NaN,NaN,NaN,NaN,NaN,NaN,NaN,NaN,NaN,NaN,NaN,0.47156,0.46617,0.42243,0.3869,0.41303,0.43855,0.42034
0.01234,0.22933,0.53859,0.58085,0.58665,0.6085,0.62778,0.59109,0.52446,0.43164,NaN,NaN,NaN,NaN,NaN,NaN,NaN,NaN,NaN,NaN,NaN,NaN,NaN,NaN,NaN,0.48993,0.46391,0.39956,0.37888,0.39158,0.4005,NaN
0.13679,0.31798,0.53194,0.57637,0.61699,0.65991,0.65194,0.59309,0.52191,0.43838,NaN,NaN,NaN,NaN,NaN,NaN,NaN,NaN,NaN,NaN,NaN,NaN,NaN,NaN,NaN,NaN,NaN,NaN,NaN,NaN,NaN,NaN
0.26505,0.41576,0.55414,0.58872,0.62661,0.65909,0.64749,0.59044,0.53584,0.4106,NaN,NaN,NaN,NaN,NaN,NaN,NaN,NaN,NaN,NaN,NaN,NaN,NaN,NaN,NaN,NaN,NaN,NaN,NaN,NaN,NaN,NaN
0.36063,0.50567,0.58573,0.60619,0.61924,0.62469,0.61761,0.58595,0.54381,0.39862,0.21146,NaN,NaN,NaN,NaN,NaN,NaN,NaN,NaN,NaN,NaN,NaN,NaN,NaN,NaN,NaN,NaN,NaN,NaN,NaN,NaN,NaN
0.40608,0.54435,0.59687,0.61518,0.6034,0.57704,0.56911,0.57202,0.55471,0.40731,NaN,NaN,NaN,NaN,NaN,NaN,NaN,NaN,NaN,NaN,NaN,NaN,NaN,NaN,NaN,NaN,NaN,NaN,NaN,NaN,NaN,NaN
0.42395,0.55653,0.59297,0.59008,0.57121,0.53271,0.52194,0.54842,0.53155,0.43996,0.26446,NaN,NaN,NaN,NaN,NaN,NaN,NaN,NaN,NaN,NaN,NaN,NaN,NaN,NaN,NaN,NaN,NaN,NaN,NaN,NaN,NaN
0.41786,0.53613,0.57104,0.55931,0.53124,0.4987,0.48407,0.49746,0.50354,0.47458,0.38416,0.31264,NaN,NaN,NaN,NaN,NaN,NaN,NaN,NaN,NaN,NaN,NaN,NaN,NaN,NaN,NaN,NaN,NaN,NaN,NaN,NaN
0.39019,0.48445,0.5487,0.52179,0.49042,0.4676,0.45138,0.4652,0.47947,0.47781,0.44946,0.36436,NaN,NaN,NaN,NaN,NaN,NaN,NaN,NaN,NaN,NaN,NaN,NaN,NaN,NaN,NaN,NaN,NaN,NaN,NaN,NaN
0.39303,0.48482,0.53264,0.49802,0.44157,0.4292,0.42941,0.44744,0.4593,0.46746,0.44529,0.38177,0.32741,NaN,NaN,NaN,NaN,NaN,NaN,NaN,NaN,NaN,NaN,NaN,NaN,NaN,NaN,NaN,NaN,NaN,NaN,NaN
0.43136,0.49465,0.51281,0.45638,0.39885,0.39616,0.42721,0.4382,0.44353,0.47753,0.456,0.39316,0.35672,NaN,NaN,NaN,NaN,NaN,NaN,NaN,NaN,NaN,NaN,NaN,NaN,NaN,NaN,NaN,NaN,NaN,NaN,NaN
0.45329,0.4945,0.47474,0.41209,0.37561,0.39786,0.44211,0.4464,0.44707,0.46574,0.45099,0.42156,0.44394,NaN,NaN,NaN,NaN,NaN,NaN,NaN,NaN,NaN,NaN,NaN,NaN,NaN,NaN,NaN,NaN,NaN,NaN,NaN
0.46617,0.45378,0.42802,0.36121,0.35471,0.39735,0.44397,0.43818,0.43518,0.43685,0.4446,0.44349,0.46376,0.48033,0.47653,NaN,NaN,NaN,NaN,NaN,NaN,NaN,NaN,NaN,NaN,NaN,NaN,NaN,NaN,NaN,NaN,NaN
0.43136,0.4205,0.37584,0.31452,0.31591,0.37019,0.41254,0.42319,0.41298,0.41733,0.42849,0.42414,0.41071,0.44533,0.47704,0.44452,NaN,NaN,NaN,NaN,NaN,NaN,NaN,NaN,NaN,NaN,NaN,NaN,NaN,NaN,NaN,0.3283
0.39687,0.41482,0.37923,0.30269,0.28658,0.33394,0.36956,0.40009,0.40558,0.42191,0.41729,0.40051,0.4253,0.46375,0.457,0.4361,NaN,NaN,NaN,NaN,NaN,NaN,NaN,NaN,NaN,NaN,NaN,NaN,NaN,0.35614,0.4277,0.47223
0.44474,0.46077,0.38764,0.28122,0.25862,0.31271,0.35698,0.38684,0.3969,0.42058,0.39478,0.38403,0.45396,0.51589,0.45278,0.35789,0.31332,NaN,NaN,NaN,NaN,NaN,NaN,NaN,NaN,NaN,NaN,NaN,0.39305,0.45825,0.48697,0.48775
0.46414,0.44833,0.33993,0.23978,0.2453,0.30102,0.34528,0.38153,0.41068,0.4145,0.37239,0.378,0.48083,0.54322,0.47141,0.32642,0.15845,NaN,NaN,NaN,NaN,NaN,NaN,NaN,NaN,NaN,NaN,NaN,0.47806,0.51341,0.47993,0.44602
0.4513,0.3846,0.27133,0.20781,0.23264,0.28867,0.33454,0.37666,0.42187,0.41558,0.3686,0.36443,0.45797,0.51411,0.4699,0.31793,0.13429,0.075362,NaN,NaN,NaN,NaN,NaN,NaN,NaN,NaN,NaN,0.44381,0.52101,0.54204,0.47781,0.40684
0.37387,0.30423,0.21578,0.18585,0.22098,0.28297,0.32471,0.36998,0.42462,0.42439,0.41283,0.45606,0.53718,0.54383,0.50566,0.39026,0.21282,0.11952,NaN,NaN,NaN,NaN,NaN,NaN,NaN,0.45807,0.4665,0.5109,0.5679,0.55067,0.47956,0.39895
0.29427,0.22614,0.17916,0.17556,0.20886,0.27214,0.31836,0.36461,0.41157,0.4363,0.46111,0.54224,0.58836,0.56732,0.55069,0.4675,0.28986,0.16951,NaN,NaN,NaN,NaN,0.34729,0.37262,0.42983,0.499,0.5258,0.54052,0.55756,0.53417,0.471,0.40373
0.22751,0.1894,0.18281,0.19004,0.20899,0.27205,0.3272,0.37564,0.40555,0.44142,0.50598,0.59221,0.61984,0.59326,0.55621,0.49754,0.4429,0.32592,0.22993,NaN,NaN,0.29595,0.33051,0.3635,0.44999,0.51759,0.53639,0.53799,0.52957,0.51464,0.46756,0.4089
0.1945,0.14428,0.1708,0.19612,0.21601,0.26246,0.31922,0.36895,0.39508,0.42003,0.49313,0.54958,0.56848,0.5728,0.55841,0.52614,0.52496,0.48728,0.38158,0.28366,0.27742,0.25688,0.29554,0.35076,0.46805,0.50583,0.51846,0.51725,0.50815,0.5107,0.46969,0.40068
0.15342,0.12156,0.16473,0.21458,0.2309,0.24717,0.29267,0.36838,0.40959,0.44419,0.49245,0.51126,0.54421,0.56855,0.56006,0.53448,0.53751,0.54261,0.52312,0.45715,0.38371,0.28724,0.26815,0.34596,0.44792,0.49502,0.49124,0.49377,0.49512,0.50546,0.46759,0.38319
0.12131,0.12524,0.16789,0.21951,0.23225,0.22507,0.26982,0.36098,0.41822,0.45436,0.49955,0.5169,0.55973,0.59066,0.5752,0.55694,0.57084,0.59271,0.61378,0.58231,0.48222,0.35511,0.26637,0.32504,0.40811,0.45666,0.46863,0.47548,0.49128,0.49865,0.46531,0.36662
0.12454,0.14637,0.17425,0.22183,0.22612,0.22222,0.26891,0.36051,0.40978,0.4173,0.44861,0.50567,0.56872,0.61053,0.59271,0.58914,0.59962,0.62554,0.66287,0.62125,0.56047,0.40644,0.28041,0.30065,0.39124,0.4278,0.44498,0.46979,0.50127,0.50421,0.47878,0.37281
0.14012,0.17154,0.19484,0.22219,0.22904,0.23676,0.28051,0.3601,0.39406,0.38145,0.40842,0.47625,0.55658,0.60794,0.59919,0.58556,0.58564,0.61459,0.6544,0.64221,0.5825,0.43442,0.29792,0.31559,0.40507,0.42696,0.43499,0.47405,0.51486,0.50791,0.48701,0.38163
0.16466,0.19658,0.21502,0.22678,0.22626,0.25033,0.30876,0.38106,0.39288,0.37787,0.4079,0.47301,0.5526,0.59562,0.57939,0.56016,0.54749,0.58148,0.6482,0.64798,0.57733,0.45017,0.33868,0.33712,0.41418,0.43163,0.43907,0.49068,0.54469,0.52466,0.48953,0.37809
0.20616,0.23805,0.24488,0.23818,0.23627,0.26949,0.33819,0.38817,0.38601,0.37611,0.40045,0.46875,0.53295,0.54875,0.5479,0.52812,0.50559,0.53902,0.63313,0.64679,0.56064,0.46334,0.37037,0.35056,0.41076,0.43815,0.45235,0.50347,0.56572,0.5464,0.49784,0.38449
0.23497,0.24513,0.22187,0.20367,0.21092,0.24883,0.30961,0.33503,0.30905,0.29332,0.33686,0.43634,0.51026,0.51974,0.51866,0.48901,0.4747,0.51643,0.61423,0.63292,0.55326,0.47392,0.40031,0.34663,0.39465,0.44605,0.46457,0.50027,0.55405,0.52608,0.48448,0.37417
0.26291,0.24308,0.19386,0.12943,0.12727,0.18597,0.24316,0.24594,0.18997,0.16694,0.23297,0.3554,0.45904,0.50029,0.50529,0.46274,0.44083,0.48444,0.58922,0.61429,0.55952,0.49409,0.42907,0.36187,0.38933,0.45487,0.4884,0.50974,0.53988,0.51828,0.47332,0.37771
0.25656,0.21668,0.13844,0.041048,0.050686,0.14351,0.19224,0.18796,0.13383,0.10137,0.18844,0.33418,0.45661,0.52575,0.49412,0.44178,0.41721,0.44785,0.5496,0.6028,0.56512,0.50673,0.42523,0.37658,0.38105,0.45082,0.4924,0.51494,0.53036,0.50998,0.45863,0.36638
0.22692,0.17961,0.089454,NaN,NaN,NaN,NaN,NaN,NaN,NaN,0.19075,0.33928,0.48285,0.55959,0.44447,0.39921,0.38837,0.41898,0.50134,0.57843,0.57007,0.48609,0.43225,0.38801,0.38496,0.44019,0.48665,0.5285,0.53909,0.5232,0.46444,0.38012
0.17164,0.15771,NaN,NaN,NaN,NaN,NaN,NaN,NaN,NaN,NaN,NaN,0.51112,0.56077,0.37453,0.34684,0.371,0.40584,0.47143,0.5679,0.58169,0.49026,0.43855,0.39397,0.37332,0.41008,0.46029,0.50564,0.52588,0.53083,0.47535,0.39144
0.0864,NaN,NaN,NaN,NaN,NaN,NaN,NaN,NaN,NaN,NaN,NaN,0.55911,0.53549,0.30719,0.28617,0.33885,0.37808,0.44687,0.53484,0.57833,0.50308,0.44825,0.40031,0.36363,0.37824,0.42406,0.47666,0.50633,0.51964,0.46232,0.38128
NaN,NaN,NaN,NaN,NaN,NaN,NaN,NaN,NaN,NaN,NaN,NaN,NaN,0.52532,0.31984,0.25643,0.3114,0.356,0.43837,0.5292,0.56983,0.5204,0.45814,0.40608,0.34853,0.3559,0.4021,0.46371,0.49031,0.48751,0.44087,0.35676
NaN,NaN,NaN,NaN,NaN,NaN,NaN,NaN,NaN,NaN,NaN,NaN,NaN,NaN,0.38525,0.23512,0.26453,0.31675,0.42601,0.51094,0.54932,0.4853,0.43613,0.3852,0.34002,0.3515,0.39582,0.44085,0.45994,0.4599,0.40659,0.33762
NaN,NaN,NaN,NaN,NaN,NaN,NaN,NaN,NaN,NaN,NaN,NaN,NaN,0.49741,0.42617,0.20464,0.20124,0.27985,0.41084,0.47327,0.47099,0.42279,0.39123,0.36313,0.33157,0.33939,0.36386,0.39379,0.4246,0.43922,0.39924,0.3393
NaN,NaN,NaN,NaN,NaN,NaN,NaN,NaN,NaN,NaN,NaN,NaN,NaN,0.45269,0.41204,0.18076,0.14657,0.22474,0.39605,0.44661,0.43509,0.39383,0.36582,0.3315,0.30077,0.30053,0.31904,0.34591,0.39412,0.43443,0.40816,0.33913
NaN,NaN,NaN,NaN,NaN,NaN,NaN,NaN,NaN,NaN,NaN,NaN,NaN,0.3894,0.37463,0.16141,0.10731,0.17699,0.35914,0.41672,0.39378,0.37001,0.3246,0.27311,0.24386,0.24962,0.26497,0.30677,0.36925,0.40775,0.39101,0.32239
