NaN,NaN,NaN,NaN,NaN,NaN,NaN,NaN,NaN,NaN,NaN,NaN,NaN,0.27114,0.29646,0.11919,0.05095,0.092927,0.25454,0.34629,0.36758,0.34664,0.2582,0.14467,0.088317,0.11864,0.16264,0.23893,0.3272,0.35993,0.35068,0.32909
NaN,NaN,NaN,NaN,NaN,NaN,NaN,NaN,NaN,NaN,NaN,NaN,NaN,0.24391,0.27824,0.11611,0.037972,0.045833,0.19435,0.29814,0.35969,0.36535,0.30723,0.18057,0.069871,0.046564,0.094412,0.17284,0.27838,0.31986,0.32699,0.33003
NaN,NaN,NaN,NaN,NaN,NaN,NaN,NaN,NaN,NaN,NaN,NaN,NaN,0.19851,0.22421,0.071933,0.0022125,0.0098594,0.15761,0.27859,0.35442,0.37003,0.34369,0.25971,0.11891,0.027674,0.030134,0.093584,0.19755,0.26781,0.30149,0.31624
NaN,NaN,NaN,NaN,NaN,NaN,NaN,NaN,NaN,NaN,NaN,NaN,NaN,0.17555,0.15248,-0.0035791,-0.058424,-0.032156,0.12199,0.25063,0.33228,0.3648,0.36692,0.31451,0.19863,0.056899,-0.0068249,0.031479,0.12444,0.21186,0.28181,0.31048
NaN,NaN,NaN,NaN,NaN,NaN,NaN,NaN,NaN,NaN,NaN,NaN,NaN,NaN,0.088945,-0.08845,-0.12783,-0.062251,0.074233,0.18296,0.28735,0.34612,0.37959,0.34836,0.26455,0.087006,-0.051167,-0.023294,0.072157,0.14678,0.25351,0.27575
NaN,NaN,NaN,NaN,NaN,NaN,NaN,NaN,NaN,NaN,NaN,NaN,NaN,NaN,0.030247,-0.13626,NaN,-0.085727,0.016538,0.11164,0.2395,0.31823,0.34971,0.29579,0.20703,0.049731,-0.11367,-0.059114,0.039901,0.12749,0.23416,0.20186
NaN,NaN,NaN,NaN,NaN,NaN,NaN,NaN,NaN,NaN,NaN,NaN,NaN,NaN,NaN,NaN,NaN,NaN,0.010851,0.036582,0.13069,0.2134,0.25375,0.21125,0.14775,0.0020745,-0.16142,-0.1344,-0.026877,0.05447,0.15371,0.12865
NaN,NaN,NaN,NaN,NaN,NaN,NaN,NaN,NaN,NaN,NaN,NaN,NaN,NaN,NaN,NaN,NaN,NaN,NaN,NaN,0.12902,0.17955,0.19572,NaN,NaN,NaN,NaN,-0.18555,-0.1285,-0.064104,0.047099,0.09998
NaN,NaN,NaN,NaN,NaN,NaN,NaN,NaN,NaN,NaN,NaN,NaN,NaN,NaN,NaN,NaN,NaN,NaN,NaN,NaN,NaN,NaN,NaN,NaN,NaN,NaN,NaN,NaN,NaN,NaN,-0.030813,0.031408
NaN,NaN,NaN,NaN,NaN,NaN,NaN,NaN,NaN,NaN,NaN,NaN,NaN,NaN,NaN,NaN,NaN,NaN,NaN,NaN,NaN,NaN,NaN,NaN,NaN,NaN,NaN,NaN,NaN,NaN,NaN,-0.079062
NaN,NaN,NaN,NaN,NaN,NaN,NaN,NaN,NaN,NaN,NaN,NaN,NaN,NaN,NaN,NaN,NaN,NaN,NaN,NaN,NaN,NaN,NaN,NaN,NaN,NaN,NaN,NaN,NaN,NaN,NaN,NaN
NaN,NaN,NaN,NaN,NaN,NaN,NaN,NaN,NaN,NaN,NaN,NaN,NaN,NaN,NaN,NaN,NaN,NaN,NaN,NaN,NaN,NaN,NaN,NaN,NaN,NaN,NaN,NaN,NaN,NaN,NaN,NaN
NaN,NaN,NaN,NaN,NaN,NaN,NaN,NaN,NaN,NaN,NaN,NaN,NaN,NaN,NaN,NaN,NaN,NaN,NaN,NaN,NaN,NaN,NaN,NaN,NaN,NaN,NaN,NaN,NaN,NaN,NaN,NaN
NaN,NaN,NaN,NaN,NaN,NaN,NaN,NaN,NaN,NaN,NaN,NaN,NaN,NaN,NaN,NaN,NaN,NaN,NaN,NaN,NaN,NaN,NaN,NaN,NaN,NaN,NaN,NaN,NaN,NaN,NaN,NaN
NaN,NaN,NaN,NaN,NaN,NaN,NaN,NaN,NaN,NaN,NaN,NaN,NaN,NaN,NaN,NaN,NaN,NaN,NaN,NaN,NaN,NaN,NaN,NaN,NaN,NaN,NaN,NaN,NaN,NaN,NaN,NaN
NaN,NaN,NaN,NaN,NaN,NaN,NaN,NaN,NaN,NaN,NaN,NaN,NaN,NaN,NaN,NaN,NaN,NaN,NaN,NaN,NaN,NaN,NaN,NaN,NaN,NaN,NaN,NaN,NaN,NaN,NaN,NaN
NaN,NaN,NaN,NaN,NaN,NaN,NaN,NaN,NaN,NaN,NaN,NaN,NaN,NaN,NaN,NaN,NaN,NaN,NaN,NaN,NaN,NaN,NaN,NaN,NaN,NaN,NaN,NaN,NaN,NaN,NaN,NaN
NaN,NaN,NaN,NaN,NaN,NaN,NaN,NaN,NaN,NaN,NaN,NaN,NaN,NaN,NaN,NaN,0.045198,NaN,NaN,NaN,NaN,NaN,NaN,NaN,NaN,NaN,NaN,NaN,NaN,NaN,NaN,0.18845
NaN,NaN,NaN,NaN,NaN,NaN,NaN,NaN,NaN,NaN,NaN,NaN,NaN,NaN,NaN,NaN,0.086521,NaN,NaN,NaN,NaN,NaN,NaN,NaN,NaN,NaN,NaN,NaN,NaN,0.33034,0.30784,0.2114
NaN,NaN,0.19457,0.046561,NaN,NaN,NaN,NaN,NaN,NaN,NaN,NaN,NaN,NaN,NaN,NaN,NaN,NaN,NaN,NaN,NaN,NaN,NaN,NaN,NaN,NaN,0.23927,0.31405,0.35768,0.32587,0.2342,0.15452
NaN,NaN,NaN,0.079519,0.030888,0.1125,NaN,NaN,NaN,NaN,NaN,NaN,NaN,NaN,NaN,NaN,NaN,NaN,NaN,NaN,NaN,NaN,NaN,NaN,NaN,0.28454,0.31224,0.34009,0.33045,0.24734,0.10875,0.079763
NaN,NaN,NaN,NaN,NaN,0.23533,0.28825,0.24384,NaN,NaN,NaN,NaN,NaN,NaN,NaN,NaN,NaN,NaN,0.55956,0.58323,NaN,NaN,NaN,NaN,NaN,0.3769,0.37328,0.34415,0.29254,0.1779,0.045215,0.0060516
NaN,NaN,NaN,NaN,NaN,NaN,0.35452,0.31889,NaN,NaN,NaN,NaN,NaN,NaN,NaN,NaN,NaN,0.64505,0.60725,0.59781,0.60025,0.58141,0.55986,0.52594,0.48954,0.43857,0.42118,0.40944,0.32942,0.17848,0.058428,-0.0092802
NaN,NaN,NaN,NaN,NaN,NaN,NaN,NaN,NaN,NaN,NaN,NaN,NaN,NaN,NaN,NaN,0.67898,0.62833,0.59481,0.57921,0.58299,0.59384,0.60194,0.56856,0.51991,0.44776,0.4231,0.42901,0.35575,0.20544,0.10105,0.038639
NaN,NaN,NaN,NaN,NaN,NaN,NaN,NaN,NaN,0.5307,NaN,NaN,NaN,NaN,NaN,0.6697,0.63848,0.57087,0.54624,0.51711,0.54364,0.57741,0.58884,0.51357,0.49214,NaN,NaN,NaN,NaN,0.22234,0.18375,0.073668
NaN,NaN,NaN,NaN,NaN,NaN,NaN,NaN,NaN,0.52747,NaN,NaN,NaN,NaN,0.59415,0.60534,0.57595,0.53416,0.51931,0.47841,0.50984,0.55948,0.56038,0.45622,NaN,NaN,NaN,NaN,NaN,0.29414,0.21367,0.071297
0.20189,NaN,NaN,NaN,NaN,NaN,NaN,NaN,0.57651,0.53855,NaN,NaN,NaN,0.49624,0.5248,0.49979,0.49217,0.50814,0.49155,0.43437,0.4557,0.50261,0.51985,NaN,NaN,NaN,0.31999,0.29358,0.29581,0.29268,0.1947,0.051527
NaN,0.25104,NaN,NaN,NaN,NaN,NaN,NaN,0.56774,0.53903,NaN,0.53964,0.54016,0.51411,0.4705,0.44058,0.45104,0.48839,0.47577,0.43307,0.43207,0.46437,0.47775,0.46362,0.44478,0.38266,0.3121,0.27054,0.26254,0.25473,0.19479,0.099023
NaN,NaN,0.21024,NaN,NaN,NaN,NaN,NaN,0.57745,0.55342,0.55657,0.57834,0.56415,0.51386,0.44536,0.41545,0.4381,0.49179,0.47317,0.48594,0.47498,0.48304,0.50492,0.5294,0.49874,0.43691,0.34047,0.25122,0.22077,0.2198,0.21937,0.17039
NaN,NaN,0.25192,NaN,NaN,NaN,NaN,0.55087,0.60026,0.58034,0.57444,0.5666,0.52059,0.48272,0.43879,0.38825,0.41696,0.49814,0.50194,0.54663,0.55595,0.55667,0.53898,0.55391,0.53087,0.48004,0.4005,0.30964,0.25299,0.23447,0.24193,0.18104
NaN,NaN,0.29898,NaN,NaN,NaN,0.57372,0.59738,0.60183,0.60476,0.59865,0.56561,0.50398,0.47046,0.4439,0.4086,0.43871,0.51906,0.53463,0.60525,0.64625,0.62941,0.57465,0.56619,0.54116,0.5083,0.4733,0.39466,0.30829,0.25814,0.25257,0.1596
NaN,NaN,NaN,0.30209,NaN,0.47346,0.55762,0.56872,0.55095,0.56432,0.58559,0.57771,0.53853,0.50319,0.48256,0.46503,0.49856,0.54538,0.56369,0.6449,0.68199,0.645,0.59157,0.59268,0.56479,0.54556,0.51493,0.44276,0.33306,0.26437,0.24843,0.11882
NaN,NaN,NaN,0.36204,0.39818,0.50311,0.56869,0.54448,0.50011,0.50879,0.57763,0.62155,0.60545,0.54981,0.49181,0.47128,0.51186,0.55382,0.57246,0.65056,0.64662,0.61246,0.59485,0.60452,0.60123,0.58201,0.53215,0.45706,0.34423,0.26513,0.25109,0.11289
NaN,NaN,NaN,0.42187,0.45417,0.52302,0.56304,0.53524,0.50487,0.52028,0.60113,0.66099,0.63982,0.55508,0.46072,0.44486,0.48638,0.53077,0.555,0.6097,0.58581,0.56887,0.58393,0.60657,0.62155,0.60721,0.54659,0.46223,0.34882,0.28759,0.26618,0.15487
NaN,NaN,NaN,0.42602,0.44969,0.49376,0.52951,0.52268,0.50926,0.53445,0.61805,0.66794,0.638,0.55976,0.46151,0.43876,0.46034,0.51414,0.54072,0.57357,0.55592,0.53716,0.56648,0.61915,0.64986,0.6286,0.56636,0.49194,0.37076,0.30737,0.29322,0.22077
NaN,NaN,NaN,0.42678,0.45829,0.48968,0.50765,0.49298,0.46472,0.49799,0.59206,0.65517,0.62481,0.56416,0.47213,0.44919,0.46306,0.51098,0.53601,0.55824,0.54191,0.51256,0.55602,0.63198,0.66749,0.64062,0.58509,0.53409,0.40517,0.30438,0.29415,0.26167
NaN,NaN,NaN,0.39993,0.45776,0.48339,0.47039,0.45719,0.44082,0.48787,0.57851,0.65227,0.62046,0.54184,0.46646,0.46952,0.50204,0.53248,0.52892,0.54289,0.53697,0.50874,0.56135,0.63774,0.66345,0.63897,0.60062,0.56183,0.4457,0.31933,0.3041,0.29463
NaN,NaN,NaN,NaN,0.40355,0.43223,0.42952,0.42959,0.44522,0.5007,0.56695,0.63408,0.59795,0.50962,0.45039,0.50594,0.57291,0.56669,0.52093,0.50649,0.51627,0.52413,0.58926,0.64142,0.65252,0.63488,0.60389,0.57989,0.49269,0.36744,0.31915,0.32978
NaN,NaN,NaN,NaN,NaN,0.36265,0.37579,0.39156,0.45829,0.51821,0.54728,0.58912,0.56492,0.48614,0.45019,0.537,0.6062,0.58485,0.50753,0.45714,0.46776,0.51112,0.59468,0.64239,0.64447,0.61781,0.59083,0.57924,0.50534,0.38034,0.31981,0.32178
NaN,NaN,NaN,NaN,NaN,NaN,NaN,0.33144,0.4282,0.50541,0.50574,0.51432,0.52512,0.49473,0.49214,0.55777,0.6167,0.60252,0.49723,0.42069,0.44519,0.53185,0.62441,0.67328,0.65291,0.6069,0.58401,0.5878,0.52798,0.40064,0.33437,0.33372
NaN,NaN,NaN,NaN,NaN,NaN,NaN,NaN,NaN,0.4519,0.42861,0.40839,0.44778,0.48013,0.52425,0.58222,0.64317,0.63226,0.53269,0.45927,0.48097,0.56444,0.64543,0.68714,0.66266,0.61496,0.58182,0.5858,0.53463,0.39961,0.30802,0.33062
NaN,NaN,NaN,NaN,NaN,NaN,NaN,NaN,NaN,NaN,NaN,0.36874,0.40094,0.48671,0.54528,0.58813,0.65153,0.65856,0.56884,0.49549,0.51246,0.57129,0.63639,0.66376,0.66059,0.61733,0.57442,0.58064,0.56003,0.41754,0.26243,0.26925
NaN,NaN,NaN,NaN,NaN,NaN,NaN,NaN,NaN,NaN,NaN,0.28713,0.33352,0.46215,0.53692,0.58348,0.6503,0.6515,0.55779,0.49082,0.51133,0.55176,0.58091,0.60038,0.63274,0.61147,0.56195,0.5605,0.56606,0.4486,0.2762,0.25568
NaN,NaN,NaN,NaN,NaN,NaN,NaN,NaN,0.20267,0.28194,0.35647,NaN,NaN,0.51319,0.5467,0.59346,0.65469,0.64704,0.56506,0.47603,0.46196,0.49349,0.49686,0.51757,0.57523,0.59712,0.56588,0.56844,0.59028,0.50271,0.32739,0.27972
NaN,NaN,NaN,NaN,NaN,NaN,NaN,0.29404,0.2302,0.32069,0.42869,0.53781,0.56788,0.54367,0.55504,0.59007,0.63145,0.62162,0.54691,0.44123,0.39237,0.41596,0.42169,0.45001,0.54144,0.60958,0.60625,0.60787,0.60943,0.52529,0.37182,0.31611
NaN,NaN,NaN,NaN,NaN,NaN,0.33571,0.30854,0.29442,0.39976,0.51937,0.61382,0.62904,0.59403,0.56654,0.57076,0.60721,0.6118,0.54896,0.43753,0.35052,0.34219,0.34419,0.39638,0.51717,0.61221,0.63639,0.64709,0.60997,0.5485,0.42248,0.35522
NaN,NaN,NaN,NaN,NaN,0.33657,0.37934,0.39084,0.41663,0.49997,0.58258,0.64331,0.65187,0.62248,0.59225,0.58938,0.61153,0.6161,0.57065,0.43601,0.32783,0.26635,0.22718,0.31941,0.48478,0.61981,0.65476,0.64552,0.58524,0.55667,0.45911,0.35508
NaN,NaN,NaN,NaN,NaN,0.30988,0.40825,0.46388,0.51859,0.56331,0.59615,0.63244,0.65213,0.64586,0.62279,0.61136,0.62295,0.63522,0.60295,0.47163,0.34564,0.2067,0.085547,0.23726,0.44825,0.59833,0.65016,0.61761,0.55605,0.55528,0.47586,0.35983
NaN,NaN,NaN,NaN,0.17577,0.28789,0.40991,0.49781,0.55679,0.58962,0.61329,0.62217,0.62051,0.64032,0.62854,0.62309,0.64184,0.66959,0.6304,0.51871,0.36642,0.14988,0.0063473,0.1552,0.40155,0.53862,0.61882,0.59864,0.52699,0.51915,0.46126,0.38691
NaN,NaN,NaN,NaN,NaN,0.31028,0.4005,0.4861,0.564,0.6143,0.64139,0.64737,0.64115,0.64556,0.62483,0.62553,0.65908,0.68497,0.66001,0.56486,0.42447,0.19421,0.0068785,0.10582,0.31936,0.4668,0.57397,0.59702,0.54598,0.51879,0.45405,0.43757
NaN,NaN,NaN,NaN,NaN,NaN,0.34532,0.43197,0.53781,0.59953,0.62755,0.64376,0.6648,0.63295,0.56981,0.59806,0.65058,0.68328,0.67324,0.60237,0.48113,0.28926,0.033641,0.036984,0.17683,0.34023,0.48752,0.56286,0.58489,0.56381,0.45737,0.46122
NaN,NaN,NaN,NaN,NaN,NaN,NaN,NaN,0.47036,0.53195,0.57282,0.62131,0.66323,0.60071,0.49663,0.55039,0.62726,0.66596,0.6616,0.60988,0.51988,0.36755,0.095565,-0.021756,0.025449,0.21808,0.37986,0.47714,0.55448,0.56667,0.48432,0.48159
NaN,NaN,NaN,NaN,NaN,NaN,NaN,NaN,0.4083,0.47694,0.52441,0.57894,0.61294,NaN,0.47791,0.50736,0.57245,0.60816,0.63002,0.603,0.55151,0.4755,0.22636,-0.029657,-0.05828,0.09907,0.28877,0.37005,0.44751,0.50663,0.49684,0.47407
NaN,NaN,NaN,NaN,NaN,NaN,NaN,NaN,NaN,NaN,0.48195,NaN,0.52453,0.50943,NaN,NaN,0.52046,0.54925,0.58731,0.58077,0.55215,0.51159,0.3203,0.034252,-0.05084,0.039776,0.2224,0.26634,0.30083,0.40338,0.45475,0.4191
NaN,NaN,NaN,NaN,NaN,NaN,NaN,NaN,NaN,0.44877,0.44732,0.44744,NaN,NaN,0.46162,NaN,NaN,0.51933,0.54049,0.56993,0.55117,0.51729,0.39157,0.12598,0.027938,0.07659,0.13112,0.092278,0.11982,0.25644,0.38141,0.35927
NaN,NaN,NaN,NaN,NaN,NaN,NaN,NaN,NaN,NaN,0.44117,0.46415,0.51712,NaN,NaN,NaN,NaN,NaN,0.55626,0.57531,0.55434,0.52805,0.44978,0.25889,0.16712,0.18247,0.12475,0.042863,0.0068227,0.12701,0.19645,0.21132
NaN,NaN,NaN,NaN,NaN,NaN,NaN,NaN,NaN,NaN,NaN,0.53962,0.57112,0.63061,0.64434,0.59839,0.56115,NaN,NaN,0.56114,0.53981,0.55634,0.51788,0.39658,0.34205,0.30932,0.16887,-0.018182,-0.098646,-0.073966,-0.066044,0.0075469
NaN,NaN,NaN,NaN,NaN,0.17935,0.085431,NaN,NaN,NaN,NaN,0.54469,0.58671,0.64725,0.64007,0.59409,0.55492,0.54808,0.57797,NaN,0.52599,0.5674,0.56859,0.45869,0.40946,0.3511,0.20231,0.015904,-0.067867,-0.094091,-0.18444,-0.05219
NaN,NaN,NaN,NaN,NaN,0.081497,0.22893,0.28063,NaN,NaN,0.54001,0.58933,0.61205,0.63746,0.59232,0.56095,0.50958,0.49564,0.52884,0.52012,0.52985,0.57496,0.59379,0.47027,0.36484,0.26471,0.16387,0.067962,0.064339,0.022137,-0.011892,0.066468
NaN,NaN,NaN,NaN,NaN,-0.11875,0.1056,0.25789,0.34102,0.44336,0.56303,0.60735,0.60854,0.58336,0.48511,NaN,NaN,0.4424,0.46697,0.49077,0.54232,0.5808,0.61334,0.47699,0.34033,0.22729,0.15937,0.12975,0.13433,0.11453,0.18571,0.25894
NaN,NaN,NaN,NaN,NaN,-0.11923,0.15166,0.30026,0.40285,0.48624,0.55833,0.56357,0.48854,0.36999,NaN,NaN,NaN,NaN,0.40515,0.44756,0.53928,0.58852,0.63693,0.52554,0.38777,0.24397,0.15942,0.195,0.23453,0.19541,0.22277,0.24501
NaN,NaN,NaN,NaN,-0.10513,-0.0087152,0.21308,0.30011,0.33524,0.40139,0.49635,0.48418,0.35072,0.18705,NaN,NaN,NaN,NaN,0.34793,0.41216,0.51569,0.5842,0.62385,0.55091,0.44015,0.27107,0.13383,0.23077,NaN,NaN,NaN,0.2248
NaN,NaN,NaN,NaN,0.12148,0.064082,0.16466,0.22348,0.26528,0.34363,0.45725,0.41742,0.26395,NaN,NaN,NaN,NaN,NaN,0.28452,0.36818,0.50777,0.59814,0.61989,0.54383,0.45056,0.28236,0.065706,NaN,NaN,NaN,NaN,NaN
NaN,NaN,NaN,0.11647,0.1087,0.048355,0.07484,0.16552,0.28925,0.32387,0.35827,0.25131,0.10877,NaN,0.060788,NaN,0.16574,0.23662,0.23347,0.33771,0.51459,0.61878,0.62105,0.54018,0.45129,0.29315,0.041352,NaN,NaN,NaN,NaN,NaN
NaN,NaN,-0.28558,0.062506,0.065748,0.046709,0.0021908,0.079242,0.28258,0.286,0.22355,0.10747,0.034565,0.03389,0.037207,-0.003626,0.10108,NaN,0.23564,0.31866,0.48906,0.61683,0.61736,0.52167,0.4398,0.32286,NaN,NaN,NaN,NaN,NaN,NaN
-0.11727,-0.12097,-0.077414,0.17652,0.17007,0.072737,0.040389,0.12948,0.18314,0.16821,0.14456,0.061771,0.010231,0.070151,0.006232,-0.055501,0.11606,NaN,0.25413,0.29153,0.45102,0.59046,0.59354,0.48788,0.40659,0.32852,NaN,NaN,NaN,NaN,NaN,NaN
-0.039323,-0.01883,0.095992,0.21762,0.17604,0.12294,0.12267,0.12428,0.0779,0.073778,0.10945,0.078619,0.053831,0.12843,0.11161,0.10086,0.17877,0.25489,0.26451,0.28679,0.43335,0.57084,0.55829,0.44154,0.35021,NaN,NaN,NaN,NaN,NaN,NaN,NaN
0.19312,0.19798,0.20704,0.16044,0.1252,0.15615,0.16708,0.10634,0.029135,0.055614,0.1489,NaN,NaN,0.32144,0.40546,0.32857,0.25083,0.24942,0.26456,0.29526,0.41383,0.54637,0.53498,0.42305,NaN,NaN,NaN,NaN,NaN,NaN,NaN,NaN
0.22909,0.21305,0.1878,0.1444,0.13824,0.18135,0.17406,0.11407,0.077496,0.13864,0.25458,0.29695,0.34127,0.42614,0.42111,0.28683,0.18031,0.16672,0.22137,0.27355,0.38259,0.52389,0.53827,0.48853,NaN,NaN,NaN,NaN,NaN,NaN,NaN,NaN
0.35693,0.28446,0.2028,0.18122,0.21006,0.20687,0.15817,0.12036,0.14353,0.24862,0.34514,0.36252,0.35882,0.36799,0.3065,0.14985,0.10038,0.11361,0.17455,0.22903,0.33709,0.48624,0.52351,0.48227,NaN,NaN,NaN,NaN,NaN,NaN,NaN,NaN
0.39612,0.3118,0.22764,0.21105,0.23562,0.2468,0.19757,0.14411,0.17536,0.31099,0.40932,0.40803,0.38519,0.36512,0.21862,0.036977,0.038037,0.085291,0.13472,0.1948,0.29517,0.42842,NaN,NaN,NaN,NaN,NaN,NaN,NaN,NaN,NaN,NaN
0.36338,0.31343,0.26303,0.22462,0.26084,0.28074,0.22059,0.146,0.1741,0.33012,0.43304,0.42739,0.41406,0.37546,0.19893,-0.023968,NaN,NaN,0.06871,0.15777,0.23201,0.32137,NaN,NaN,NaN,NaN,NaN,NaN,NaN,NaN,NaN,NaN
0.40951,0.32943,0.26521,0.2408,0.28181,0.28479,0.20974,0.15181,0.2181,0.37429,0.43706,0.38758,0.37603,0.38828,0.26091,0.058353,-0.062341,-0.10253,0.0096359,0.11252,0.17096,0.25881,NaN,NaN,NaN,NaN,NaN,NaN,NaN,NaN,NaN,NaN
0.38754,0.32201,0.28278,0.28039,0.30455,0.25197,0.17117,0.1758,0.30517,0.44476,0.44004,0.33183,0.34153,0.37335,0.32026,0.16215,-0.0049995,NaN,NaN,-7.0409e-05,0.091414,0.21504,0.29506,0.2729,NaN,NaN,NaN,NaN,NaN,NaN,NaN,NaN
0.32536,0.29613,0.2717,0.30018,0.33668,0.26339,0.20751,0.26697,0.42048,0.51772,0.48451,0.37743,0.37523,0.37815,0.30613,0.12982,0.013826,NaN,NaN,NaN,0.066857,0.20303,0.3095,0.29251,0.19916,NaN,NaN,NaN,NaN,NaN,NaN,NaN
0.30929,0.30201,0.29062,0.3047,0.33168,0.27573,0.25787,0.36847,0.52535,0.57586,0.53273,0.46345,0.41969,0.3826,0.27445,0.090644,0.025458,NaN,NaN,NaN,0.11619,0.2426,0.35209,0.36163,0.21794,NaN,NaN,NaN,NaN,NaN,NaN,NaN
0.29755,0.2905,0.28103,0.28805,0.31264,0.29286,0.28968,0.43154,0.5699,0.59342,0.5418,0.44396,0.40653,0.3584,0.2431,0.051596,-0.012684,0.079749,NaN,NaN,NaN,0.19637,NaN,NaN,NaN,NaN,NaN,NaN,NaN,NaN,NaN,NaN
0.25416,0.25131,0.25659,0.27249,0.32497,0.3112,0.31208,0.43446,0.5523,0.56367,0.52179,0.43446,0.3909,0.34078,0.23198,0.018297,-0.081103,0.015268,NaN,NaN,0.1413,0.16342,0.16594,0.15688,NaN,NaN,NaN,NaN,NaN,NaN,NaN,NaN
0.19563,0.19331,0.20995,0.25629,0.32822,0.33299,0.33297,0.43179,0.52156,0.52084,0.49752,0.42963,0.36316,0.27364,0.14686,-0.039025,-0.13359,-0.032714,0.13757,NaN,0.1448,0.14526,0.15642,0.14145,0.13086,0.14281,NaN,NaN,NaN,NaN,NaN,NaN
0.16661,0.15101,0.17885,0.24308,0.31932,0.34584,0.35621,0.43669,0.49836,0.48167,0.47565,0.41718,0.3311,0.23548,0.1088,-0.037811,-0.086653,-0.0039331,0.14757,0.19604,NaN,0.12295,0.15431,0.14268,0.12487,0.15755,NaN,NaN,NaN,NaN,NaN,NaN
0.14064,0.12247,0.16489,0.24163,0.29791,0.32801,0.36211,0.42648,0.47117,0.46304,0.45519,0.39282,0.30568,0.20379,0.074112,-0.032913,-0.027384,0.033554,0.14967,0.19808,0.17627,0.16489,0.17971,0.14817,0.11674,0.15506,0.15013,0.022399,NaN,NaN,NaN,NaN
0.1427,0.10905,0.16394,0.21335,0.23904,0.30625,0.37268,0.41825,0.43845,0.43363,0.42047,0.36101,0.28925,0.20525,0.08077,0.018875,0.01548,0.048134,0.1577,0.20231,0.22587,0.24829,0.20941,0.11639,0.074126,0.12711,0.1674,0.12132,0.080853,NaN,NaN,NaN
0.16246,0.098419,0.16151,0.17566,0.1691,0.27776,0.3679,0.40148,0.39274,0.38856,0.38335,0.33227,0.30742,0.25312,0.16341,0.1404,0.11755,0.01924,0.1144,0.1799,0.24719,0.30736,0.24028,0.089316,0.024804,0.095873,0.17968,0.18062,0.14139,0.13381,0.2297,0.37374
0.16208,0.076293,0.14111,0.16162,0.15633,0.25245,0.35864,0.39866,0.36799,0.3531,0.35614,0.31947,0.31648,0.30122,0.26137,0.34338,0.30174,0.10316,0.033151,0.10422,0.20753,0.29471,0.24802,0.10047,0.034527,0.081568,0.16811,0.2056,0.17545,0.15206,0.19269,0.29084
0.16641,0.060268,0.10593,0.1438,0.15247,0.22704,0.34119,0.39401,0.3576,0.30581,0.30754,0.27367,0.30436,0.32668,0.37698,0.46718,0.47553,0.31959,0.082376,0.05671,0.15703,0.24413,0.22297,0.11394,0.043629,0.054573,0.12097,0.18671,0.19947,0.17345,0.1899,0.24223
0.13095,0.02236,0.054297,0.10651,0.16093,0.23516,0.32606,0.36137,0.29316,0.24311,0.20931,0.20068,0.28365,0.35611,0.46001,0.57324,0.58811,0.48903,0.23626,0.066666,0.11754,0.20062,0.1827,0.10362,0.057255,0.072401,0.10873,0.16215,0.20018,0.18364,0.19934,0.26182
0.089244,-0.0098733,0.028028,0.10685,0.18031,0.24783,0.3164,0.3213,0.24231,0.18619,0.12089,0.12654,0.26037,0.3466,0.49279,0.62417,0.6586,0.59558,0.38984,0.10556,0.049837,0.11588,0.13299,0.089149,0.092727,0.10668,0.090873,0.12756,0.20541,0.24437,0.30575,0.35334
0.028278,-0.039553,0.034247,0.12149,0.18882,0.2662,0.32231,0.29654,0.21365,0.18171,0.12844,0.12813,0.25312,0.3206,0.46872,0.63321,0.69059,0.67118,0.50957,0.22821,0.03898,0.058475,0.078848,0.08719,0.13255,0.15839,0.11325,0.10846,0.18,0.24423,0.3103,0.36495
-0.036144,-0.047456,0.093238,0.15761,0.18052,0.25717,0.29772,0.24898,0.1945,0.21085,0.19472,0.20742,0.31629,0.35868,0.48735,0.63344,0.70803,0.71303,0.60619,0.3732,0.068909,-0.0070438,0.028959,0.078626,0.14254,0.17786,0.12851,0.08776,0.17912,0.27675,0.30198,0.28887
-0.045691,-0.046022,0.09937,0.16666,0.19122,0.25184,0.27318,0.21266,0.19649,0.2679,0.29033,0.31525,0.38888,0.45099,0.5545,0.65263,0.7153,0.74084,0.68265,0.51764,0.19432,0.017783,0.020219,0.04456,0.12283,0.19537,0.18053,0.14394,0.22575,0.31078,0.26891,0.21075
0.02449,-0.023387,0.091606,0.16796,0.21197,0.2527,0.24392,0.17385,0.19683,0.33116,0.39707,0.39525,0.48736,0.56066,0.61534,0.67411,0.7253,0.75926,0.73942,0.61756,0.34874,0.073041,-0.016418,-0.032994,0.045037,0.15161,0.17786,0.17955,0.24408,0.28411,0.18153,0.11471
0.032202,-0.026832,0.065904,0.16457,0.24066,0.27197,0.22995,0.14363,0.1859,0.34831,0.43176,0.45253,0.54625,0.62754,0.66307,0.69385,0.73782,0.7777,0.77513,0.67373,0.45538,0.12834,0.0065778,-0.04487,0.037668,0.14679,0.17876,0.18596,0.23366,0.25626,0.18261,0.16015
0.057675,0.028709,0.10064,0.1928,0.26747,0.26965,0.2081,0.14919,0.21175,0.33727,0.42624,0.4935,0.58894,0.66137,0.71672,0.7406,0.77068,0.79575,0.79832,0.72842,0.55284,0.17128,0.033365,-0.021855,0.047911,0.149,0.19258,0.21046,0.19973,0.17824,0.15657,0.20825
0.094199,0.10993,0.18813,0.24925,0.27597,0.26153,0.21149,0.20178,0.26805,0.34256,0.39179,0.47649,0.59656,0.68198,0.74611,0.77658,0.79979,0.81616,0.81785,0.76882,0.6118,0.2474,0.0063384,-0.043166,0.019674,0.13368,0.19217,0.21066,0.1983,0.17177,0.14782,0.20333
0.13998,0.18897,0.26143,0.27117,0.25683,0.23014,0.22382,0.25997,0.31475,0.36265,0.39355,0.48637,0.61369,0.6938,0.76209,0.79955,0.82254,0.83698,0.84072,0.8113,0.6911,0.29132,-0.027296,-0.079241,0.011769,0.13908,0.19543,0.19627,0.19606,0.18639,0.15082,0.1868
0.20884,0.24404,0.29079,0.26291,0.23607,0.21987,0.2179,0.28051,0.34505,0.39848,0.44806,0.54736,0.65091,0.71794,0.77473,0.80254,0.82571,0.84957,0.85669,0.82944,0.72159,0.36096,-0.017209,-0.10032,0.006574,0.1464,0.19954,0.1679,0.17248,0.17968,0.13231,0.19647
0.25967,0.23756,0.26131,0.23686,0.21883,0.21574,0.21384,0.28856,0.36775,0.44705,0.53075,0.61475,0.69176,0.749,0.78103,0.79743,0.82436,0.85824,0.86552,0.83356,0.7495,0.49706,0.088006,-0.078288,0.018477,0.15094,0.21217,0.20022,0.18318,0.15695,0.10452,0.1892
0.28583,0.23573,0.25377,0.23186,0.22272,0.21386,0.22885,0.30955,0.39257,0.51183,0.60723,0.6632,0.71486,0.76854,0.7857,0.79425,0.82453,0.86418,0.87343,0.84641,0.79126,0.63864,0.28534,-0.031403,0.021129,0.12279,0.2045,0.23449,0.21247,0.14531,0.072022,0.13021
0.33413,0.28732,0.28372,0.24542,0.22097,0.20534,0.26115,0.34611,0.42726,0.54726,0.64338,0.68026,0.73062,0.77719,0.78596,0.79389,0.82611,0.86568,0.88282,0.8617,0.80377,0.7059,0.43814,0.034169,0.012996,0.093525,0.18305,0.2339,0.22515,0.16754,0.10249,0.10968
0.38297,0.32882,0.30834,0.25685,0.20801,0.20309,0.30652,0.37517,0.43689,0.54788,0.63974,0.67777,0.74215,0.77819,0.77917,0.78552,0.81464,0.85774,0.88163,0.86053,0.80914,0.7401,0.54209,0.11687,0.00093198,0.058675,0.15171,0.22955,0.23871,0.23523,0.20937,0.18417
0.42657,0.37792,0.34478,0.27363,0.20957,0.2147,0.34241,0.40393,0.44242,0.54199,0.63395,0.71268,0.76108,0.78117,0.77224,0.77071,0.79474,0.84141,0.87056,0.85604,0.80313,0.76937,0.62717,0.19457,0.013434,0.06219,0.14712,0.22517,0.24615,0.27112,0.27478,0.26651
0.44105,0.40085,0.37817,0.29508,0.21431,0.24737,0.38233,0.43757,0.45169,0.54825,0.63412,0.71731,0.76757,0.78019,0.76559,0.75391,0.779,0.8287,0.86412,0.85061,0.81312,0.78931,0.66575,0.28693,0.039113,0.086016,0.16159,0.23301,0.23013,0.24089,0.25947,0.24941
0.42778,0.40012,0.38852,0.31605,0.25757,0.29964,0.41663,0.45241,0.48959,0.56625,0.61266,0.66753,0.75694,0.78673,0.76999,0.75458,0.77503,0.82701,0.86333,0.85029,0.81975,0.79303,0.70453,0.38776,0.050034,0.077165,0.16809,0.24895,0.24137,0.22011,0.22191,0.20249
0.44422,0.39468,0.36227,0.30742,0.2863,0.35931,0.45874,0.49333,0.52233,0.58198,0.59691,0.66265,0.77628,0.80698,0.78359,0.76171,0.77798,0.82694,0.86357,0.84978,0.82199,0.78508,0.71056,0.47963,0.080816,0.0667,0.19015,0.26945,0.27506,0.25996,0.25005,0.23809
0.42536,0.3598,0.3013,0.27181,0.29399,0.40709,0.51663,0.57389,0.60851,0.60931,0.60597,0.70049,0.79919,0.8173,0.78903,0.76442,0.776,0.82637,0.86339,0.85147,0.83161,0.79836,0.7357,0.54761,0.15341,0.077497,0.21144,0.30686,0.32564,0.31586,0.3137,0.30988
0.37581,0.30632,0.25797,0.23944,0.29578,0.42702,0.54766,0.62427,0.65052,0.64252,0.6358,0.72493,0.80794,0.81435,0.78433,0.75799,0.76771,0.81971,0.86284,0.86048,0.85021,0.82083,0.76018,0.60855,0.23829,0.085318,0.23154,0.34134,0.3692,0.3556,0.33638,0.32387
0.34464,0.27985,0.25846,0.2521,0.30648,0.44956,0.55711,0.61534,0.64765,0.64868,0.6489,0.73911,0.81585,0.81028,0.77597,0.7444,0.75425,0.80415,0.85787,0.87084,0.86484,0.84174,0.78866,0.67125,0.33562,0.083407,0.19967,0.31509,0.33269,0.31468,0.31538,0.33499
0.3278,0.30355,0.31732,0.30312,0.34123,0.47636,0.5831,0.64209,0.66758,0.67728,0.69214,0.77366,0.8237,0.81256,0.77144,0.73395,0.74665,0.79705,0.85966,0.88502,0.87661,0.84709,0.82504,0.7393,0.46049,0.093309,0.11624,0.2425,0.32122,0.32609,0.31812,0.34783
0.36883,0.36039,0.36463,0.34489,0.39244,0.52971,0.61726,0.67098,0.7011,0.68896,0.70893,0.7818,0.82581,0.81776,0.76872,0.72592,0.73902,0.79435,0.86311,0.88664,0.86873,0.8402,0.81846,0.76636,0.52455,0.091362,0.052353,0.18453,0.30147,0.36703,0.38976,0.40747
0.36618,0.34338,0.31684,0.33014,0.46266,0.58827,0.65592,0.68946,0.68018,0.68522,0.7391,0.79375,0.82822,0.82587,0.77937,0.72771,0.73155,0.78671,0.85852,0.88037,0.8662,0.84373,0.83528,0.77668,0.57717,0.15286,0.04308,0.17328,0.29613,0.41333,0.46138,0.45908
0.30538,0.26805,0.24342,0.33557,0.52906,0.63553,0.67557,0.69402,0.6664,0.67611,0.74861,0.8067,0.83191,0.83042,0.78638,0.73368,0.72467,0.77914,0.85315,0.88103,0.87985,0.86248,0.84904,0.78859,0.61483,0.2215,0.070655,0.19538,0.33551,0.45038,0.46917,0.47936
0.25533,0.19224,0.20588,0.38589,0.59841,0.69539,0.71317,0.70731,0.66472,0.67958,0.75943,0.82272,0.83887,0.83765,0.79845,0.74445,0.73093,0.78408,0.85388,0.88684,0.88985,0.87469,0.85463,0.80305,0.66848,0.35058,0.12319,0.23928,0.36343,0.44724,0.47275,0.48319
0.23773,0.18131,0.2608,0.48335,0.65459,0.73364,0.74163,0.72417,0.6837,0.70484,0.76364,0.82005,0.84527,0.84525,0.80809,0.74924,0.73617,0.7893,0.8537,0.88785,0.88937,0.87147,0.84864,0.8104,0.71187,0.47009,0.19823,0.284,0.38246,0.43786,0.46951,0.48943
0.24985,0.22307,0.35837,0.57941,0.70879,0.76695,0.75699,0.73139,0.70779,0.73278,0.77992,0.8256,0.85041,0.84831,0.80517,0.74727,0.73556,0.78418,0.84537,0.87812,0.87867,0.85824,0.83929,0.81309,0.72361,0.52393,0.24879,0.29772,0.40059,0.44911,0.48538,0.49787
0.21459,0.24764,0.44033,0.6464,0.74736,0.78312,0.75954,0.73317,0.71733,0.7411,0.79829,0.8445,0.85448,0.84138,0.80073,0.74285,0.72421,0.7664,0.82647,0.86115,0.86237,0.8432,0.82898,0.80585,0.71705,0.52923,0.2367,0.23208,0.38747,0.46643,0.50058,0.4922
0.17572,0.28429,0.50986,0.68411,0.76828,0.78769,0.76411,0.73692,0.72116,0.74196,0.8033,0.86203,0.85913,0.83088,0.79373,0.7345,0.70586,0.73948,0.80303,0.84669,0.85679,0.84049,0.82379,0.7946,0.71477,0.54289,0.24989,0.16385,0.3422,0.45063,0.49677,0.46116
0.19753,0.35726,0.5603,0.71107,0.76755,0.76822,0.75206,0.73837,0.72799,0.74833,0.80543,0.86257,0.85907,0.81879,0.78094,0.71958,0.68544,0.7152,0.78625,0.84742,0.86477,0.84711,0.81942,0.78563,0.71541,0.57492,0.33538,0.13235,0.28095,0.42643,0.49937,0.45481
0.28373,0.46576,0.62077,0.7254,0.76451,0.74962,0.73431,0.7227,0.72189,0.76288,0.82063,0.86577,0.85974,0.8108,0.75905,0.70081,0.67671,0.71601,0.79207,0.8579,0.86844,0.84149,0.80513,0.77492,0.7074,0.5779,0.39377,0.14541,0.27657,0.42731,0.51916,0.48117
0.38037,0.5214,0.64693,0.73196,0.75399,0.73463,0.71208,0.69833,0.71029,0.77471,0.84097,0.86977,0.85418,0.81071,0.75582,0.69776,0.68994,0.74057,0.80045,0.84989,0.8613,0.8323,0.80073,0.76671,0.71376,0.61119,0.46369,0.20454,0.25993,0.40081,0.50348,0.47499
0.45235,0.54951,0.65614,0.73683,0.74942,0.73225,0.70113,0.67425,0.69303,0.76695,0.83536,0.86182,0.84881,0.81977,0.7727,0.71429,0.70491,0.74642,0.79181,0.83511,0.85288,0.82659,0.78979,0.75304,0.70486,0.62275,0.47467,0.2274,0.25026,0.37578,0.48257,0.44903
0.47535,0.55528,0.64235,0.71484,0.7384,0.74611,0.72327,0.68874,0.70368,0.77425,0.82081,0.8435,0.84469,0.82203,0.77952,0.719,0.69953,0.73372,0.77711,0.82261,0.84446,0.82222,0.78423,0.75012,0.71268,0.64809,0.50438,0.24545,0.2059,0.34888,0.4452,0.43117
0.50582,0.56314,0.63064,0.69527,0.72807,0.7469,0.72502,0.69559,0.7139,0.7782,0.81049,0.83104,0.84223,0.81663,0.77085,0.70771,0.68614,0.72002,0.76604,0.81413,0.83751,0.82023,0.78083,0.74864,0.71745,0.65802,0.52116,0.28191,0.21168,0.31999,0.39942,0.41075
0.53727,0.58725,0.65175,0.70247,0.73656,0.74741,0.72971,0.70653,0.72455,0.77634,0.79917,0.8242,0.84128,0.8208,0.76154,0.69355,0.67747,0.71839,0.7687,0.81003,0.83536,0.8177,0.77391,0.73846,0.70326,0.63978,0.5229,0.34025,0.24794,0.33285,0.37015,0.39453
0.57671,0.6105,0.67065,0.71679,0.74648,0.75387,0.73949,0.72116,0.72353,0.77205,0.79065,0.81866,0.84316,0.83057,0.76257,0.68745,0.67162,0.71801,0.76394,0.80182,0.8265,0.81446,0.77228,0.7389,0.69563,0.63383,0.53461,0.37954,0.25149,0.31504,0.33797,0.36139
0.6057,0.6168,0.66111,0.71533,0.73716,0.73914,0.74361,0.73606,0.72949,0.78279,0.80207,0.82518,0.84192,0.82758,0.7589,0.68294,0.66904,0.71174,0.75416,0.79578,0.81956,0.80893,0.766,0.73137,0.68884,0.63065,0.5451,0.39615,0.24063,0.26499,0.29276,0.3167
0.61096,0.6141,0.65533,0.71156,0.72787,0.73061,0.74127,0.74141,0.73897,0.79656,0.82409,0.84038,0.8475,0.8176,0.7455,0.67068,0.66266,0.70149,0.74377,0.78901,0.81289,0.79775,0.75472,0.71753,0.68379,0.6347,0.55063,0.40749,0.25816,0.26253,0.26334,0.29386
0.59844,0.62327,0.66689,0.70585,0.7082,0.70557,0.71678,0.7375,0.7433,0.79532,0.82561,0.83794,0.84154,0.80747,0.73224,0.66591,0.66134,0.69757,0.7333,0.78037,0.80103,0.78497,0.74195,0.69817,0.67305,0.64036,0.55998,0.42628,0.2681,0.21742,0.26045,0.27968
0.60865,0.64915,0.68225,0.71086,0.70588,0.6915,0.6999,0.72758,0.74271,0.7836,0.8083,0.82121,0.82592,0.79973,0.73084,0.66692,0.65656,0.68971,0.72125,0.77062,0.78925,0.76779,0.72935,0.68053,0.66348,0.64798,0.59031,0.47207,0.29332,0.18304,0.24512,0.29347
0.66883,0.68983,0.71422,0.7408,0.73291,0.71493,0.7126,0.73755,0.76328,0.77934,0.80404,0.81507,0.80804,0.7697,0.70339,0.6555,0.64715,0.67682,0.71082,0.75916,0.78034,0.75136,0.70919,0.66554,0.65236,0.65145,0.61539,0.52236,0.31516,0.1314,0.19458,0.27338
0.72291,0.72625,0.74988,0.77991,0.77159,0.74334,0.73138,0.74633,0.77081,0.77723,0.80686,0.81909,0.79118,0.73083,0.65691,0.63028,0.63171,0.66315,0.69953,0.74576,0.76713,0.73145,0.68478,0.64496,0.6393,0.64651,0.62542,0.54575,0.33385,0.11632,0.15546,0.2238
0.73375,0.73168,0.7533,0.79495,0.80064,0.76444,0.7302,0.72451,0.74538,0.76947,0.80031,0.80679,0.77487,0.70296,0.62593,0.6104,0.62167,0.6533,0.68632,0.72851,0.7426,0.7019,0.65741,0.6238,0.62322,0.63335,0.61512,0.57695,0.40214,0.14158,0.11844,0.20301
NaN,0.73867,0.73652,0.76461,0.79112,0.76536,0.70285,0.68234,0.70788,0.75368,0.7851,0.78018,0.75487,0.68676,0.61064,0.59412,0.60518,0.63842,0.67112,0.71343,0.72131,0.67698,0.63754,0.6119,0.60682,0.6086,0.59648,0.58525,0.43246,0.17122,0.12466,0.19869
NaN,NaN,0.69408,0.70424,0.72387,0.71632,0.65693,0.64277,0.68841,0.74454,0.77126,0.75953,0.74527,0.68219,0.60677,0.58219,0.58389,0.618,0.66041,0.7034,0.70954,0.66045,0.6294,0.6053,0.58924,0.5796,0.56235,0.54052,0.41014,0.15198,0.11563,0.17837
NaN,NaN,0.67004,0.66615,0.64622,0.63973,0.6247,0.63731,0.68571,0.71731,0.7309,0.73442,0.73718,0.68829,0.62105,0.5757,0.56845,0.6026,0.65139,0.69359,0.69905,0.64702,0.61681,0.59949,0.56055,0.55153,0.53449,0.50182,0.38949,0.1876,0.09632,0.13488
NaN,NaN,NaN,0.62541,0.61997,0.62443,0.64473,0.66599,0.67783,0.67311,0.68036,0.70159,0.724,0.68941,0.62468,0.57293,0.55922,0.59625,0.64363,0.68474,0.68751,0.63149,0.61546,0.58445,0.53855,0.52564,0.50908,0.49152,0.42248,0.26505,0.12274,0.124
NaN,NaN,NaN,NaN,0.65849,0.66094,0.66727,0.66112,0.65615,0.63979,0.64677,0.6694,0.69577,0.66042,0.59122,0.54477,0.53948,0.58667,0.63437,0.67651,0.67001,0.61623,0.59622,0.55915,0.50076,0.48784,0.4827,0.47812,0.44313,0.31721,0.17378,0.17749
NaN,NaN,NaN,NaN,NaN,NaN,0.64909,0.64029,0.63386,0.62554,0.64072,0.67151,0.69264,0.65433,0.56245,0.50365,0.51117,0.56247,0.60998,0.65287,0.64826,0.60189,0.58152,0.54389,0.48914,0.46644,0.45831,0.44153,0.40962,0.34153,0.23573,0.25262
NaN,NaN,NaN,NaN,NaN,NaN,0.58134,0.5955,0.63822,0.63703,0.66617,0.7005,0.70347,0.66766,0.54631,0.4539,0.46786,0.53053,0.57267,0.61738,0.62604,0.60023,0.58051,0.53898,0.47924,0.45046,0.44127,0.40119,0.35956,0.34339,0.27358,0.26374
NaN,NaN,NaN,NaN,NaN,NaN,NaN,0.51681,0.60151,0.60842,0.66455,0.7194,0.71871,0.67707,0.51996,0.40998,0.4238,0.49399,0.53354,0.58202,0.62036,0.59849,0.57488,0.54033,0.48453,0.45342,0.43735,0.39093,0.33704,0.34052,0.30559,0.25088
NaN,NaN,NaN,NaN,NaN,NaN,NaN,0.45462,0.52202,0.53344,0.63023,0.72567,0.73683,0.67854,0.48436,0.36746,0.391,0.45661,0.50091,0.57082,0.62758,0.60664,0.57817,0.55006,0.49171,0.45754,0.44462,0.39547,0.32226,0.31865,0.30568,0.24348
NaN,NaN,NaN,-0.018332,-0.066873,NaN,NaN,NaN,0.50252,0.5162,0.61636,0.7281,0.75233,0.68885,0.46185,0.34361,0.36655,0.42292,0.47382,0.57996,0.642,0.60778,0.58242,0.58118,0.50345,0.45478,0.43828,0.38175,0.30343,0.28655,0.311,0.27878
NaN,0.18159,0.095941,-0.033076,-0.065981,0.085726,NaN,NaN,0.49446,0.52088,0.63032,0.73978,0.76038,0.70747,0.45122,0.31108,0.32332,0.37641,0.43869,0.56265,0.62382,0.57745,0.57565,0.59982,0.53733,0.45648,0.4151,0.36652,0.30507,0.28523,0.32281,0.3442
-0.0054529,0.036874,-0.00041995,-0.066589,-0.062752,0.099641,NaN,NaN,0.50656,0.54157,0.6619,0.7488,0.7655,0.7107,0.434,0.27073,0.28674,0.35033,0.41729,0.54091,0.5937,0.55108,0.55914,0.60542,0.56684,0.46421,0.39225,0.3492,0.30585,0.2791,0.2981,0.32274
-0.015301,0.014389,-0.009635,-0.024169,0.060456,0.14866,NaN,NaN,0.56545,0.6232,0.71306,0.75958,0.76505,0.70677,0.41036,0.2182,0.23927,0.33919,0.42549,0.5138,0.56596,0.55231,0.55828,0.58515,0.57851,0.48711,0.38269,0.33329,0.30316,0.27601,0.28126,0.30333
0.047179,0.033093,-0.025999,-0.0041734,0.19487,NaN,NaN,NaN,NaN,0.68234,0.72928,0.75997,0.75128,0.68079,0.37017,0.148,0.17682,0.31409,0.41561,0.4871,0.54212,0.57144,0.56263,0.56715,0.57204,0.50761,0.39798,0.34651,0.31055,0.26952,0.26135,0.26482
0.055213,-0.040689,-0.078169,0.16291,0.4008,NaN,0.58885,0.55538,NaN,0.68412,0.71585,0.74133,0.71696,0.65863,0.34914,0.094061,0.11384,0.24537,0.36978,0.46922,0.5281,0.56416,0.56557,0.56053,0.55143,0.51861,0.43376,0.37158,0.32118,0.2668,0.23971,0.24227
-0.058833,-0.1833,-0.092458,0.34063,0.53252,0.59706,0.60637,0.57098,NaN,NaN,0.67143,0.69913,0.67773,0.65237,0.38209,0.091722,0.080498,0.17907,0.3049,0.43355,0.49388,0.53256,0.56854,0.55801,0.53229,0.51657,0.47022,0.40272,0.33835,0.27311,0.23263,0.22465
-0.24411,-0.31187,-0.23783,0.23783,0.50643,0.57307,0.58606,0.55473,NaN,NaN,NaN,0.68908,0.6711,0.63591,0.42328,0.15323,0.10331,0.1602,0.24312,0.36919,0.45759,0.5089,0.55469,0.5553,0.53469,0.52521,0.4946,0.44149,0.37472,0.29643,0.23697,0.20838
NaN,NaN,-0.18017,0.14352,0.45632,0.54475,0.56236,0.54042,0.52848,0.51907,0.56246,NaN,0.64024,0.55289,0.39605,0.24466,0.17153,0.17302,0.20348,0.27495,0.38155,0.46945,0.53619,0.54557,0.54088,0.5419,0.51754,0.47201,0.3983,0.31064,0.25929,0.21919
-0.17374,NaN,NaN,0.1214,0.44626,0.54312,0.56427,0.54603,0.56229,0.59529,0.62086,NaN,0.49491,0.43587,0.39543,0.30739,0.22008,0.18911,NaN,0.24584,0.32723,0.39882,0.46499,0.51485,0.54935,0.56263,0.52434,0.46447,0.40149,0.32728,0.29805,0.26413
-0.22847,-0.10586,0.073879,0.36565,0.4984,0.56702,0.58418,0.55317,0.56355,0.59708,0.61208,0.51144,0.40755,0.39062,0.42384,NaN,NaN,NaN,NaN,NaN,NaN,0.31303,0.3408,0.44541,0.52688,0.52934,0.48469,0.42542,0.39001,0.37527,0.39655,0.38673
-0.12836,-0.033017,0.1791,0.4161,0.48605,0.54122,0.56589,0.56528,0.5775,0.60876,0.60515,NaN,NaN,NaN,NaN,NaN,NaN,NaN,NaN,NaN,NaN,NaN,0.2856,0.38701,0.47964,0.47583,0.44522,0.38856,0.36617,0.39451,0.44817,0.44557
-0.15696,-0.072122,0.21309,0.47492,0.49831,0.5206,0.55896,0.58036,0.58709,0.58138,NaN,NaN,NaN,NaN,NaN,NaN,NaN,NaN,NaN,NaN,NaN,NaN,NaN,NaN,0.41569,0.42424,0.4186,0.376,0.33802,0.37513,0.42607,0.42077
-0.09407,0.0085694,0.34461,0.49337,0.514,0.53249,0.57409,0.5782,0.5598,0.52196,NaN,NaN,NaN,NaN,NaN,NaN,NaN,NaN,NaN,NaN,NaN,NaN,NaN,NaN,NaN,0.4228,0.41484,0.3649,0.32146,0.3489,0.38313,0.37218
0.0040736,0.18377,0.46074,0.51055,0.53111,0.5741,0.61686,0.59556,0.54048,0.45964,NaN,NaN,NaN,NaN,NaN,NaN,NaN,NaN,NaN,NaN,NaN,NaN,NaN,NaN,NaN,0.44582,0.42515,0.36332,0.33914,0.35352,0.36389,NaN
0.1205,0.26391,0.46764,0.51943,0.56606,0.62807,0.65106,0.60269,0.53753,0.46784,NaN,NaN,NaN,NaN,NaN,NaN,NaN,NaN,NaN,NaN,NaN,NaN,NaN,NaN,NaN,NaN,NaN,NaN,NaN,NaN,NaN,NaN
0.24385,0.36616,0.50361,0.54633,0.59339,0.64229,0.65174,0.59814,0.5459,0.42661,NaN,NaN,NaN,NaN,NaN,NaN,NaN,NaN,NaN,NaN,NaN,NaN,NaN,NaN,NaN,NaN,NaN,NaN,NaN,NaN,NaN,NaN
0.33335,0.46074,0.54309,0.57523,0.59835,0.62229,0.62805,0.59255,0.54636,0.41025,0.23715,NaN,NaN,NaN,NaN,NaN,NaN,NaN,NaN,NaN,NaN,NaN,NaN,NaN,NaN,NaN,NaN,NaN,NaN,NaN,NaN,NaN
0.36102,0.48797,0.54608,0.5782,0.58373,0.58151,0.58396,0.57665,0.54814,0.41362,NaN,NaN,NaN,NaN,NaN,NaN,NaN,NaN,NaN,NaN,NaN,NaN,NaN,NaN,NaN,NaN,NaN,NaN,NaN,NaN,NaN,NaN
0.36729,0.48921,0.53589,0.5463,0.55091,0.53491,0.5344,0.54957,0.52391,0.43811,0.28629,NaN,NaN,NaN,NaN,NaN,NaN,NaN,NaN,NaN,NaN,NaN,NaN,NaN,NaN,NaN,NaN,NaN,NaN,NaN,NaN,NaN
0.35129,0.45839,0.50457,0.517,0.51316,0.50267,0.49261,0.49684,0.4971,0.46793,0.38362,0.31761,NaN,NaN,NaN,NaN,NaN,NaN,NaN,NaN,NaN,NaN,NaN,NaN,NaN,NaN,NaN,NaN,NaN,NaN,NaN,NaN
0.32175,0.39578,0.48,0.48446,0.48054,0.47598,0.45774,0.46254,0.47019,0.46732,0.43551,0.35731,NaN,NaN,NaN,NaN,NaN,NaN,NaN,NaN,NaN,NaN,NaN,NaN,NaN,NaN,NaN,NaN,NaN,NaN,NaN,NaN
0.32227,0.39991,0.47483,0.47249,0.4368,0.44023,0.43917,0.44528,0.44637,0.45047,0.42736,0.37589,0.33893,NaN,NaN,NaN,NaN,NaN,NaN,NaN,NaN,NaN,NaN,NaN,NaN,NaN,NaN,NaN,NaN,NaN,NaN,NaN
0.36052,0.42081,0.47595,0.44933,0.40479,0.40695,0.43358,0.43701,0.42731,0.446,0.43413,0.4031,0.38724,NaN,NaN,NaN,NaN,NaN,NaN,NaN,NaN,NaN,NaN,NaN,NaN,NaN,NaN,NaN,NaN,NaN,NaN,NaN
0.38862,0.43525,0.45504,0.42406,0.38585,0.39514,0.43317,0.43492,0.41988,0.42106,0.42039,0.42219,0.45425,NaN,NaN,NaN,NaN,NaN,NaN,NaN,NaN,NaN,NaN,NaN,NaN,NaN,NaN,NaN,NaN,NaN,NaN,NaN
0.39655,0.39988,0.41235,0.38769,0.36854,0.38362,0.42197,0.42019,0.40375,0.38875,0.40475,0.42279,0.44376,0.46473,0.46892,NaN,NaN,NaN,NaN,NaN,NaN,NaN,NaN,NaN,NaN,NaN,NaN,NaN,NaN,NaN,NaN,NaN
0.36008,0.36294,0.36364,0.341,0.32861,0.35364,0.38316,0.39399,0.3744,0.36923,0.38932,0.39665,0.38833,0.43042,0.47547,0.45615,NaN,NaN,NaN,NaN,NaN,NaN,NaN,NaN,NaN,NaN,NaN,NaN,NaN,NaN,NaN,0.35616
0.32508,0.35393,0.36379,0.31112,0.28304,0.31418,0.33938,0.36235,0.35845,0.36996,0.38107,0.38245,0.41475,0.45273,0.44055,0.41978,NaN,NaN,NaN,NaN,NaN,NaN,NaN,NaN,NaN,NaN,NaN,NaN,NaN,0.39348,0.4407,0.46903
0.38122,0.41278,0.37948,0.27481,0.23928,0.28651,0.32234,0.34603,0.35133,0.37213,0.36695,0.3769,0.44762,0.49822,0.41893,0.32402,0.29219,NaN,NaN,NaN,NaN,NaN,NaN,NaN,NaN,NaN,NaN,NaN,0.41248,0.45969,0.45471,0.45075
0.41378,0.4067,0.32756,0.21802,0.20917,0.26197,0.30495,0.34069,0.3659,0.37087,0.34803,0.36994,0.46775,0.51706,0.42978,0.29157,0.14988,NaN,NaN,NaN,NaN,NaN,NaN,NaN,NaN,NaN,NaN,NaN,0.46121,0.4657,0.41254,0.39165
0.4012,0.34141,0.24663,0.17604,0.18812,0.24104,0.28897,0.33342,0.37758,0.37847,0.34928,0.36011,0.43265,0.4739,0.42713,0.29451,0.12918,0.085473,NaN,NaN,NaN,NaN,NaN,NaN,NaN,NaN,NaN,0.38919,0.46356,0.46873,0.40097,0.34752
0.33325,0.25525,0.17391,0.14567,0.17166,0.22778,0.27318,0.32543,0.37953,0.39373,0.4094,0.45094,0.49487,0.49542,0.46665,0.37796,0.2215,0.13105,NaN,NaN,NaN,NaN,NaN,NaN,NaN,0.43779,0.4273,0.44156,0.48827,0.47945,0.41596,0.34728
0.24292,0.17047,0.13121,0.129,0.15346,0.21162,0.26231,0.31643,0.36632,0.41187,0.46915,0.53836,0.54515,0.51627,0.50252,0.43608,0.29262,0.17035,NaN,NaN,NaN,NaN,0.34036,0.36509,0.42068,0.46707,0.47304,0.46967,0.48138,0.4719,0.4194,0.36014
0.16593,0.12962,0.13042,0.13815,0.15215,0.20821,0.26288,0.31883,0.35772,0.41889,0.50719,0.57115,0.56919,0.54272,0.49946,0.44132,0.4164,0.32055,0.22501,NaN,NaN,0.2725,0.30358,0.34352,0.41585,0.45686,0.46479,0.47332,0.46799,0.45878,0.41644,0.35746
0.12348,0.078091,0.10831,0.13578,0.15364,0.19404,0.24884,0.30104,0.33838,0.39023,0.47711,0.51487,0.51455,0.52776,0.49989,0.45667,0.48224,0.46336,0.3711,0.27347,0.25067,0.21163,0.23403,0.29556,0.39592,0.40831,0.42485,0.45293,0.45618,0.45898,0.41594,0.34175
0.075135,0.042764,0.089062,0.14356,0.1622,0.17771,0.22015,0.28693,0.33109,0.38777,0.44379,0.45698,0.49146,0.52909,0.50562,0.47159,0.49803,0.51328,0.50109,0.43859,0.34432,0.22599,0.18064,0.2518,0.34366,0.38003,0.3856,0.41949,0.45311,0.46902,0.42356,0.32622
0.031836,0.034632,0.085413,0.14146,0.15935,0.15486,0.19721,0.26858,0.31271,0.36302,0.41778,0.44433,0.50463,0.5481,0.51492,0.49809,0.53154,0.54884,0.56541,0.53638,0.42724,0.28106,0.16198,0.20994,0.29329,0.3403,0.35897,0.39456,0.45545,0.47939,0.43357,0.31528
0.018876,0.05044,0.088658,0.14229,0.14931,0.14551,0.18928,0.25817,0.28804,0.31201,0.35679,0.42132,0.50377,0.55469,0.51992,0.52886,0.55827,0.5709,0.59261,0.56143,0.49694,0.33266,0.16986,0.174,0.2716,0.31552,0.33984,0.397,0.47135,0.49245,0.44873,0.32243
0.028346,0.07759,0.11555,0.14808,0.15038,0.14891,0.18779,0.25265,0.2735,0.27677,0.31486,0.38154,0.47443,0.53608,0.51798,0.5248,0.54418,0.55902,0.57997,0.57851,0.52665,0.36982,0.19185,0.1789,0.27256,0.31085,0.33638,0.41035,0.48509,0.49265,0.45153,0.32999
0.063107,0.10981,0.13553,0.15074,0.14142,0.15015,0.19932,0.2595,0.2658,0.26068,0.29647,0.35511,0.44517,0.50527,0.49834,0.49327,0.49682,0.52725,0.57738,0.58831,0.52831,0.39493,0.23925,0.19473,0.2745,0.31026,0.34223,0.42464,0.50301,0.49562,0.45139,0.32897
0.11506,0.15266,0.15053,0.14364,0.13763,0.15565,0.21143,0.24762,0.23551,0.23604,0.27408,0.33339,0.40446,0.4525,0.47276,0.45619,0.4446,0.48113,0.56793,0.59557,0.52201,0.41957,0.2858,0.21235,0.26919,0.31738,0.35526,0.43027,0.50537,0.49956,0.45753,0.34124
0.1435,0.14796,0.1128,0.096538,0.10087,0.12488,0.17436,0.18737,0.15426,0.15945,0.23015,0.31902,0.39186,0.42265,0.43514,0.41083,0.40668,0.45006,0.54789,0.58923,0.52103,0.4388,0.34184,0.22653,0.25422,0.32421,0.36156,0.41243,0.47793,0.46961,0.44402,0.3351
0.16587,0.13336,0.070238,0.012655,0.016182,0.059651,0.10738,0.11428,0.06896,0.068792,0.1602,0.27389,0.35919,0.393,0.40186,0.3817,0.3747,0.41324,0.52108,0.58414,0.54392,0.45707,0.3685,0.26196,0.25627,0.33004,0.37402,0.40521,0.45502,0.46185,0.43803,0.33983
0.14118,0.090169,0.012383,-0.061252,-0.047662,0.019782,0.043323,0.060688,0.033472,0.027892,0.13591,0.27119,0.36778,0.4148,0.38554,0.36294,0.35736,0.38346,0.48289,0.57357,0.55029,0.46631,0.36402,0.28485,0.25396,0.31934,0.36933,0.40633,0.44108,0.44684,0.41726,0.3268
0.08695,0.043035,-0.038523,NaN,NaN,NaN,NaN,NaN,NaN,NaN,0.13353,0.27471,0.39393,0.45351,0.34533,0.32895,0.3357,0.36446,0.43948,0.54192,0.5465,0.44528,0.36473,0.29459,0.26593,0.31112,0.3676,0.42692,0.45477,0.45354,0.41609,0.34572
0.020041,0.020673,NaN,NaN,NaN,NaN,NaN,NaN,NaN,NaN,NaN,NaN,0.42208,0.46106,0.29142,0.28696,0.32152,0.35724,0.40907,0.51302,0.54691,0.45402,0.37139,0.29804,0.25754,0.29073,0.3483,0.40968,0.44267,0.45843,0.42639,0.36041
-0.062352,NaN,NaN,NaN,NaN,NaN,NaN,NaN,NaN,NaN,NaN,NaN,0.46512,0.44535,0.23502,0.23348,0.29128,0.33017,0.38149,0.47347,0.53823,0.46926,0.37903,0.30091,0.25237,0.26807,0.32127,0.38681,0.43149,0.45668,0.41885,0.35436
NaN,NaN,NaN,NaN,NaN,NaN,NaN,NaN,NaN,NaN,NaN,NaN,NaN,0.43971,0.24844,0.20052,0.25872,0.30755,0.37119,0.46672,0.52913,0.47997,0.38387,0.30783,0.24421,0.25387,0.30752,0.38344,0.42953,0.44083,0.4091,0.34386
NaN,NaN,NaN,NaN,NaN,NaN,NaN,NaN,NaN,NaN,NaN,NaN,NaN,NaN,0.31534,0.17305,0.20378,0.27073,0.37247,0.45594,0.49643,0.44318,0.35883,0.28205,0.23546,0.25583,0.31001,0.37361,0.41597,0.42896,0.3905,0.33838
NaN,NaN,NaN,NaN,NaN,NaN,NaN,NaN,NaN,NaN,NaN,NaN,NaN,0.43295,0.35878,0.14918,0.14807,0.24369,0.37464,0.42821,0.41441,0.36557,0.30968,0.24955,0.22006,0.24633,0.28826,0.34253,0.39558,0.41665,0.38505,0.33651
NaN,NaN,NaN,NaN,NaN,NaN,NaN,NaN,NaN,NaN,NaN,NaN,NaN,0.38867,0.3506,0.13515,0.10676,0.19694,0.36808,0.41294,0.37954,0.33484,0.28071,0.21255,0.18649,0.21288,0.25337,0.30804,0.37824,0.41364,0.38604,0.32757
NaN,NaN,NaN,NaN,NaN,NaN,NaN,NaN,NaN,NaN,NaN,NaN,NaN,0.32819,0.32051,0.12068,0.072873,0.1442,0.3312,0.39039,0.36292,0.32833,0.24506,0.16203,0.14077,0.17173,0.20959,0.27637,0.35721,0.39049,0.3687,0.31452
