NaN,NaN,NaN,NaN,NaN,NaN,NaN,NaN,NaN,NaN,NaN,NaN,NaN,0.23543,0.26922,0.099892,0.02576,0.051683,0.21732,0.31263,0.33598,0.30629,0.193,0.070677,0.036688,0.097294,0.16432,0.25425,0.34591,0.37115,0.36046,0.34832
NaN,NaN,NaN,NaN,NaN,NaN,NaN,NaN,NaN,NaN,NaN,NaN,NaN,0.2286,0.26591,0.11043,0.018398,0.0065957,0.15224,0.25791,0.31391,0.31273,0.24974,0.12508,0.034767,0.034888,0.09981,0.19146,0.29769,0.33484,0.33962,0.34717
NaN,NaN,NaN,NaN,NaN,NaN,NaN,NaN,NaN,NaN,NaN,NaN,NaN,0.19788,0.22608,0.08043,-0.0098254,-0.021439,0.11342,0.22109,0.28093,0.29568,0.28695,0.21938,0.089204,0.019036,0.03808,0.11621,0.21916,0.27884,0.30841,0.31859
NaN,NaN,NaN,NaN,NaN,NaN,NaN,NaN,NaN,NaN,NaN,NaN,NaN,0.17973,0.16957,0.014966,-0.06786,-0.05652,0.076926,0.17372,0.23535,0.27625,0.30908,0.27859,0.16578,0.043784,0.0081587,0.059596,0.14683,0.21427,0.28036,0.30404
NaN,NaN,NaN,NaN,NaN,NaN,NaN,NaN,NaN,NaN,NaN,NaN,NaN,NaN,0.11612,-0.071221,-0.14701,-0.093565,0.030268,0.1098,0.18672,0.24559,0.30267,0.29213,0.21671,0.06128,-0.03754,0.015591,0.099281,0.14902,0.24582,0.26875
NaN,NaN,NaN,NaN,NaN,NaN,NaN,NaN,NaN,NaN,NaN,NaN,NaN,NaN,0.057666,-0.12174,NaN,-0.12804,-0.039155,0.040101,0.13569,0.20534,0.2403,0.20341,0.13625,0.0099475,-0.10739,-0.00055247,0.099354,0.16511,0.24489,0.19944
NaN,NaN,NaN,NaN,NaN,NaN,NaN,NaN,NaN,NaN,NaN,NaN,NaN,NaN,NaN,NaN,NaN,NaN,-0.061337,-0.040261,0.0374,0.11272,0.14798,0.11771,0.078501,-0.028819,-0.15428,-0.097958,0.022778,0.1086,0.19199,0.15006
NaN,NaN,NaN,NaN,NaN,NaN,NaN,NaN,NaN,NaN,NaN,NaN,NaN,NaN,NaN,NaN,NaN,NaN,NaN,NaN,0.026773,0.076376,0.095098,NaN,NaN,NaN,NaN,-0.15848,-0.09744,-0.012833,0.081551,0.12625
NaN,NaN,NaN,NaN,NaN,NaN,NaN,NaN,NaN,NaN,NaN,NaN,NaN,NaN,NaN,NaN,NaN,NaN,NaN,NaN,NaN,NaN,NaN,NaN,NaN,NaN,NaN,NaN,NaN,NaN,-0.0030537,0.064147
NaN,NaN,NaN,NaN,NaN,NaN,NaN,NaN,NaN,NaN,NaN,NaN,NaN,NaN,NaN,NaN,NaN,NaN,NaN,NaN,NaN,NaN,NaN,NaN,NaN,NaN,NaN,NaN,NaN,NaN,NaN,-0.067575
NaN,NaN,NaN,NaN,NaN,NaN,NaN,NaN,NaN,NaN,NaN,NaN,NaN,NaN,NaN,NaN,NaN,NaN,NaN,NaN,NaN,NaN,NaN,NaN,NaN,NaN,NaN,NaN,NaN,NaN,NaN,NaN
NaN,NaN,NaN,NaN,NaN,NaN,NaN,NaN,NaN,NaN,NaN,NaN,NaN,NaN,NaN,NaN,NaN,NaN,NaN,NaN,NaN,NaN,NaN,NaN,NaN,NaN,NaN,NaN,NaN,NaN,NaN,NaN
NaN,NaN,NaN,NaN,NaN,NaN,NaN,NaN,NaN,NaN,NaN,NaN,NaN,NaN,NaN,NaN,NaN,NaN,NaN,NaN,NaN,NaN,NaN,NaN,NaN,NaN,NaN,NaN,NaN,NaN,NaN,NaN
NaN,NaN,NaN,NaN,NaN,NaN,NaN,NaN,NaN,NaN,NaN,NaN,NaN,NaN,NaN,NaN,NaN,NaN,NaN,NaN,NaN,NaN,NaN,NaN,NaN,NaN,NaN,NaN,NaN,NaN,NaN,NaN
NaN,NaN,NaN,NaN,NaN,NaN,NaN,NaN,NaN,NaN,NaN,NaN,NaN,NaN,NaN,NaN,NaN,NaN,NaN,NaN,NaN,NaN,NaN,NaN,NaN,NaN,NaN,NaN,NaN,NaN,NaN,NaN
NaN,NaN,NaN,NaN,NaN,NaN,NaN,NaN,NaN,NaN,NaN,NaN,NaN,NaN,NaN,NaN,NaN,NaN,NaN,NaN,NaN,NaN,NaN,NaN,NaN,NaN,NaN,NaN,NaN,NaN,NaN,NaN
NaN,NaN,NaN,NaN,NaN,NaN,NaN,NaN,NaN,NaN,NaN,NaN,NaN,NaN,NaN,NaN,NaN,NaN,NaN,NaN,NaN,NaN,NaN,NaN,NaN,NaN,NaN,NaN,NaN,NaN,NaN,NaN
NaN,NaN,NaN,NaN,NaN,NaN,NaN,NaN,NaN,NaN,NaN,NaN,NaN,NaN,NaN,NaN,-0.0048426,NaN,NaN,NaN,NaN,NaN,NaN,NaN,NaN,NaN,NaN,NaN,NaN,NaN,NaN,0.18634
NaN,NaN,NaN,NaN,NaN,NaN,NaN,NaN,NaN,NaN,NaN,NaN,NaN,NaN,NaN,NaN,0.060455,NaN,NaN,NaN,NaN,NaN,NaN,NaN,NaN,NaN,NaN,NaN,NaN,0.33688,0.3134,0.19461
NaN,NaN,0.1315,-0.018548,NaN,NaN,NaN,NaN,NaN,NaN,NaN,NaN,NaN,NaN,NaN,NaN,NaN,NaN,NaN,NaN,NaN,NaN,NaN,NaN,NaN,NaN,0.24413,0.30618,0.34871,0.3229,0.22395,0.128
NaN,NaN,NaN,0.030271,0.0066695,0.12101,NaN,NaN,NaN,NaN,NaN,NaN,NaN,NaN,NaN,NaN,NaN,NaN,NaN,NaN,NaN,NaN,NaN,NaN,NaN,0.27802,0.29195,0.32419,0.32795,0.2383,0.078859,0.034118
NaN,NaN,NaN,NaN,NaN,0.2605,0.3204,0.2642,NaN,NaN,NaN,NaN,NaN,NaN,NaN,NaN,NaN,NaN,0.57897,0.59346,NaN,NaN,NaN,NaN,NaN,0.35401,0.33795,0.32603,0.29632,0.17677,0.0095908,-0.028443
NaN,NaN,NaN,NaN,NaN,NaN,0.39505,0.33743,NaN,NaN,NaN,NaN,NaN,NaN,NaN,NaN,NaN,0.62769,0.59807,0.59406,0.59599,0.57091,0.54609,0.51253,0.47697,0.41133,0.38119,0.3819,0.32193,0.15887,0.010148,-0.021589
NaN,NaN,NaN,NaN,NaN,NaN,NaN,NaN,NaN,NaN,NaN,NaN,NaN,NaN,NaN,NaN,0.65486,0.59623,0.57123,0.5636,0.56658,0.5727,0.57681,0.54693,0.50634,0.42498,0.38783,0.39564,0.33953,0.17646,0.062421,0.049908
NaN,NaN,NaN,NaN,NaN,NaN,NaN,NaN,NaN,0.53124,NaN,NaN,NaN,NaN,NaN,0.65063,0.61432,0.54136,0.52686,0.50397,0.52396,0.55158,0.56165,0.49752,0.48033,NaN,NaN,NaN,NaN,0.18993,0.18395,0.10923
NaN,NaN,NaN,NaN,NaN,NaN,NaN,NaN,NaN,0.50814,NaN,NaN,NaN,NaN,0.57215,0.57485,0.54498,0.50736,0.50608,0.471,0.4945,0.53456,0.53317,0.4464,NaN,NaN,NaN,NaN,NaN,0.26783,0.23966,0.10455
0.18227,NaN,NaN,NaN,NaN,NaN,NaN,NaN,0.56508,0.5138,NaN,NaN,NaN,0.47581,0.48746,0.45296,0.44992,0.47858,0.48305,0.42353,0.43357,0.47371,0.48758,NaN,NaN,NaN,0.27337,0.23373,0.22568,0.26832,0.22472,0.08584
NaN,0.22949,NaN,NaN,NaN,NaN,NaN,NaN,0.5885,0.55439,NaN,0.53506,0.51679,0.48525,0.42728,0.39127,0.41183,0.46612,0.46829,0.41709,0.40792,0.44164,0.44922,0.42802,0.40342,0.33409,0.26485,0.21326,0.19619,0.22355,0.20275,0.12041
NaN,NaN,0.22628,NaN,NaN,NaN,NaN,NaN,0.60771,0.58381,0.57927,0.57444,0.55077,0.48616,0.39736,0.36657,0.40325,0.47675,0.46281,0.46067,0.44995,0.46897,0.4881,0.5011,0.45699,0.37674,0.27667,0.18508,0.15527,0.17499,0.19273,0.17057
NaN,NaN,0.28327,NaN,NaN,NaN,NaN,0.58087,0.63192,0.60287,0.57833,0.5483,0.49821,0.44315,0.37831,0.32736,0.36965,0.47035,0.48558,0.52329,0.5395,0.55026,0.53152,0.53157,0.48918,0.41399,0.32085,0.23276,0.18667,0.18992,0.2125,0.17488
NaN,NaN,0.30059,NaN,NaN,NaN,0.62023,0.62477,0.6233,0.60135,0.57397,0.52457,0.46218,0.41453,0.37681,0.34238,0.38447,0.48395,0.52013,0.59641,0.63765,0.62836,0.57063,0.54644,0.50612,0.44492,0.38871,0.30903,0.23889,0.20678,0.21544,0.14158
NaN,NaN,NaN,0.29658,NaN,0.5531,0.61581,0.6013,0.56893,0.5499,0.54747,0.52674,0.48286,0.43664,0.41305,0.39811,0.44465,0.51436,0.55675,0.64671,0.68102,0.64973,0.5886,0.57058,0.52982,0.4814,0.42866,0.35934,0.26468,0.20631,0.20294,0.095263
NaN,NaN,NaN,0.37858,0.46032,0.57039,0.61658,0.57422,0.51304,0.49455,0.5425,0.57192,0.5462,0.47963,0.42909,0.41599,0.47122,0.53313,0.57005,0.64903,0.64416,0.61696,0.58717,0.57786,0.56185,0.51672,0.44833,0.3796,0.27763,0.20175,0.19841,0.089413
NaN,NaN,NaN,0.4623,0.52253,0.5812,0.60116,0.55383,0.50968,0.50694,0.56912,0.61092,0.58356,0.48862,0.40151,0.39376,0.45042,0.5097,0.53987,0.5867,0.56924,0.56433,0.56413,0.56959,0.57558,0.54027,0.46366,0.38564,0.28167,0.22367,0.21859,0.13481
NaN,NaN,NaN,0.46419,0.5134,0.54996,0.56367,0.53964,0.51834,0.52516,0.58237,0.6112,0.57629,0.49159,0.3986,0.37543,0.41016,0.47539,0.50281,0.52704,0.51867,0.5151,0.53147,0.56745,0.59308,0.55987,0.488,0.41655,0.29777,0.24487,0.25099,0.19757
NaN,NaN,NaN,0.45188,0.50844,0.53863,0.54398,0.51677,0.47863,0.48561,0.54469,0.58692,0.55184,0.49362,0.40654,0.38076,0.40491,0.46528,0.49085,0.50071,0.48926,0.4758,0.51145,0.57863,0.61326,0.57781,0.51332,0.45708,0.32193,0.23517,0.25026,0.22867
NaN,NaN,NaN,0.40887,0.47713,0.51851,0.50952,0.481,0.44387,0.45975,0.51846,0.57468,0.54112,0.4648,0.39669,0.39936,0.44328,0.49229,0.49005,0.48298,0.48011,0.4702,0.52095,0.59234,0.61786,0.58488,0.53459,0.48631,0.35896,0.25177,0.26983,0.27097
NaN,NaN,NaN,NaN,0.38665,0.43828,0.45074,0.44217,0.43609,0.46239,0.51105,0.56483,0.5238,0.43197,0.37614,0.43894,0.51631,0.5258,0.476,0.4395,0.45892,0.48635,0.55191,0.60361,0.61626,0.58741,0.54226,0.5066,0.40789,0.29696,0.28801,0.30945
NaN,NaN,NaN,NaN,NaN,0.35599,0.37564,0.38645,0.43668,0.47981,0.49893,0.52583,0.49441,0.40797,0.37444,0.46525,0.5432,0.53245,0.44466,0.38117,0.40507,0.46623,0.55121,0.60478,0.61341,0.57624,0.53075,0.50705,0.42436,0.3117,0.29118,0.31432
NaN,NaN,NaN,NaN,NaN,NaN,NaN,0.31589,0.40479,0.47387,0.45695,0.45106,0.45557,0.4181,0.41636,0.48654,0.54889,0.53547,0.41531,0.34474,0.38428,0.47978,0.57526,0.63461,0.62309,0.56576,0.52292,0.5168,0.45517,0.33263,0.29674,0.33356
NaN,NaN,NaN,NaN,NaN,NaN,NaN,NaN,NaN,0.41676,0.38261,0.34792,0.38144,0.40959,0.45082,0.50954,0.56686,0.55018,0.43956,0.37806,0.41537,0.50103,0.58911,0.64463,0.62917,0.57303,0.52163,0.51656,0.46419,0.33504,0.27067,0.33006
NaN,NaN,NaN,NaN,NaN,NaN,NaN,NaN,NaN,NaN,NaN,0.30872,0.34121,0.42867,0.47954,0.51578,0.56623,0.56217,0.46814,0.41221,0.43224,0.48718,0.56008,0.60846,0.61753,0.57371,0.51998,0.51513,0.49488,0.36792,0.2331,0.26668
NaN,NaN,NaN,NaN,NaN,NaN,NaN,NaN,NaN,NaN,NaN,0.2385,0.28227,0.41592,0.47899,0.5157,0.56257,0.5524,0.46236,0.41108,0.42195,0.44871,0.48027,0.52512,0.57588,0.55996,0.50683,0.4924,0.50172,0.39955,0.24251,0.2432
NaN,NaN,NaN,NaN,NaN,NaN,NaN,NaN,0.22179,0.28138,0.3321,NaN,NaN,0.47961,0.50019,0.53356,0.57138,0.5547,0.47747,0.40023,0.37193,0.38388,0.38569,0.42283,0.50411,0.54312,0.51765,0.51102,0.52562,0.44886,0.28072,0.25591
NaN,NaN,NaN,NaN,NaN,NaN,NaN,0.30988,0.24304,0.3118,0.40189,0.51422,0.54246,0.51304,0.51051,0.5351,0.55639,0.54218,0.47519,0.38201,0.32438,0.32185,0.31534,0.34645,0.46144,0.55171,0.55468,0.54797,0.53976,0.4574,0.31112,0.27485
NaN,NaN,NaN,NaN,NaN,NaN,0.33786,0.31282,0.29391,0.38228,0.48877,0.58407,0.59427,0.55154,0.5187,0.52031,0.53889,0.53915,0.48296,0.40079,0.30915,0.26296,0.23716,0.28596,0.42646,0.54734,0.57918,0.58858,0.54534,0.48207,0.35875,0.3023
NaN,NaN,NaN,NaN,NaN,0.33829,0.38252,0.39362,0.41615,0.49135,0.56534,0.62047,0.61478,0.57655,0.53974,0.53846,0.55016,0.55069,0.51817,0.42133,0.31236,0.20942,0.12777,0.20085,0.38095,0.53983,0.58563,0.57777,0.51966,0.49783,0.39972,0.29277
NaN,NaN,NaN,NaN,NaN,0.3211,0.41676,0.47363,0.52501,0.56579,0.59242,0.61722,0.61725,0.59939,0.57234,0.56278,0.56964,0.58415,0.56843,0.4691,0.34345,0.17535,0.021518,0.12162,0.32695,0.50064,0.5681,0.53848,0.48753,0.50487,0.42311,0.29849
NaN,NaN,NaN,NaN,0.20634,0.31405,0.43044,0.51567,0.57432,0.60339,0.61563,0.60906,0.58611,0.59376,0.57876,0.5762,0.59771,0.62869,0.60814,0.51669,0.36617,0.14833,-0.014147,0.064756,0.27464,0.43028,0.52795,0.51503,0.456,0.46867,0.40341,0.31677
NaN,NaN,NaN,NaN,NaN,0.34935,0.43385,0.51721,0.59602,0.64006,0.65098,0.63882,0.6105,0.60031,0.57424,0.57904,0.61944,0.65337,0.64098,0.55997,0.42034,0.20073,0.017174,0.055846,0.20978,0.35557,0.47309,0.5072,0.46777,0.45268,0.37805,0.35651
NaN,NaN,NaN,NaN,NaN,NaN,0.38924,0.47664,0.58505,0.639,0.64719,0.64095,0.63953,0.59327,0.52823,0.55923,0.61724,0.66135,0.65606,0.58942,0.46914,0.28798,0.066179,0.038755,0.12257,0.24652,0.38417,0.46425,0.4962,0.47462,0.36048,0.37171
NaN,NaN,NaN,NaN,NaN,NaN,NaN,NaN,0.53642,0.58652,0.60235,0.62274,0.6424,0.56973,0.46757,0.52346,0.60308,0.65124,0.64684,0.59452,0.50256,0.35952,0.13001,0.018291,0.038867,0.164,0.27771,0.3695,0.44919,0.46013,0.37224,0.38064
NaN,NaN,NaN,NaN,NaN,NaN,NaN,NaN,0.47463,0.54064,0.56087,0.58723,0.60641,NaN,0.4633,0.48947,0.55456,0.59887,0.61907,0.58826,0.53504,0.46358,0.24682,0.026036,-0.013722,0.076439,0.18339,0.25056,0.33631,0.39807,0.38608,0.3726
NaN,NaN,NaN,NaN,NaN,NaN,NaN,NaN,NaN,NaN,0.50585,NaN,0.52256,0.51073,NaN,NaN,0.50681,0.53901,0.5772,0.5698,0.538,0.4974,0.32797,0.085869,-0.010819,0.027317,0.10941,0.1338,0.19137,0.3031,0.35492,0.32353
NaN,NaN,NaN,NaN,NaN,NaN,NaN,NaN,NaN,0.47451,0.46235,0.45244,NaN,NaN,0.47044,NaN,NaN,0.50368,0.52724,0.5584,0.54325,0.50681,0.38515,0.1659,0.058267,0.056823,0.036862,-0.0036159,0.035834,0.16804,0.29583,0.27522
NaN,NaN,NaN,NaN,NaN,NaN,NaN,NaN,NaN,NaN,0.45122,0.46632,0.51669,NaN,NaN,NaN,NaN,NaN,0.54023,0.55975,0.54441,0.51916,0.43786,0.27536,0.17585,0.14498,0.044765,-0.048124,-0.08971,0.014878,0.10099,0.11539
NaN,NaN,NaN,NaN,NaN,NaN,NaN,NaN,NaN,NaN,NaN,0.54749,0.58376,0.63398,0.63564,0.58624,0.54828,NaN,NaN,0.5351,0.52033,0.54274,0.50447,0.38488,0.30739,0.25137,0.098338,-0.093991,-0.19151,-0.17379,-0.15469,-0.090937
NaN,NaN,NaN,NaN,NaN,0.19357,0.085504,NaN,NaN,NaN,NaN,0.56282,0.60825,0.65407,0.63143,0.57929,0.54163,0.53512,0.55858,NaN,0.50285,0.55078,0.55794,0.44236,0.36432,0.27539,0.12187,-0.06272,-0.16222,-0.20392,-0.2609,-0.13278
NaN,NaN,NaN,NaN,NaN,0.1021,0.22347,0.27049,NaN,NaN,0.55918,0.61524,0.63537,0.64555,0.58376,0.54718,0.49544,0.48749,0.51656,0.49681,0.50472,0.55255,0.5798,0.44784,0.31292,0.18088,0.06832,-0.023824,-0.060953,-0.12659,-0.12898,-0.037123
NaN,NaN,NaN,NaN,NaN,-0.080193,0.13701,0.2805,0.36002,0.46202,0.5831,0.63007,0.62093,0.58162,0.46867,NaN,NaN,0.43604,0.4612,0.47566,0.5191,0.55819,0.59628,0.45306,0.2916,0.14448,0.052687,0.015183,-0.005571,-0.05654,0.023775,0.10548
NaN,NaN,NaN,NaN,NaN,-0.077925,0.19652,0.33959,0.43199,0.51006,0.58339,0.58035,0.47877,0.33734,NaN,NaN,NaN,NaN,0.40129,0.43814,0.52227,0.56812,0.6205,0.50449,0.35726,0.1955,0.081494,0.086471,0.10559,0.052207,0.07513,0.078705
NaN,NaN,NaN,NaN,-0.082177,0.038787,0.26618,0.34432,0.36497,0.42052,0.51326,0.48819,0.32115,0.13559,NaN,NaN,NaN,NaN,0.34486,0.40331,0.50261,0.56898,0.61693,0.54672,0.43468,0.25885,0.089402,0.15732,NaN,NaN,NaN,0.070076
NaN,NaN,NaN,NaN,0.13723,0.11099,0.20968,0.26268,0.27949,0.34442,0.45808,0.40595,0.23659,NaN,NaN,NaN,NaN,NaN,0.27949,0.36236,0.50012,0.58724,0.61996,0.55756,0.46927,0.29297,0.052013,NaN,NaN,NaN,NaN,NaN
NaN,NaN,NaN,0.098598,0.13491,0.076327,0.096815,0.17822,0.27624,0.30394,0.34214,0.22896,0.084087,NaN,0.054651,NaN,0.13679,0.21629,0.22725,0.33534,0.51293,0.61197,0.62382,0.56009,0.47502,0.30643,0.037759,NaN,NaN,NaN,NaN,NaN
NaN,NaN,-0.27604,0.060091,0.11394,0.066905,0.017536,0.083486,0.25635,0.25052,0.18544,0.071045,0.010844,0.017223,0.024027,-0.012668,0.082009,NaN,0.23568,0.32401,0.49247,0.61523,0.6218,0.5381,0.45576,0.33009,NaN,NaN,NaN,NaN,NaN,NaN
-0.10255,-0.095391,-0.059119,0.21258,0.21693,0.10901,0.070229,0.13105,0.1606,0.1339,0.087023,0.010315,-0.015527,0.049697,-0.0064904,-0.051967,0.1017,NaN,0.26185,0.30191,0.45711,0.59587,0.59875,0.49726,0.41528,0.33065,NaN,NaN,NaN,NaN,NaN,NaN
-0.0026909,0.035997,0.15982,0.27882,0.24202,0.18857,0.17489,0.14695,0.074612,0.052862,0.066289,0.031872,0.01342,0.10402,0.10171,0.11092,0.17837,0.26074,0.27191,0.29364,0.44099,0.58004,0.56527,0.44521,0.34995,NaN,NaN,NaN,NaN,NaN,NaN,NaN
0.24984,0.26737,0.28188,0.24384,0.21294,0.23127,0.22476,0.13927,0.02775,0.037494,0.11709,NaN,NaN,0.29707,0.38637,0.32049,0.24145,0.24493,0.266,0.29753,0.42218,0.55575,0.5417,0.43271,NaN,NaN,NaN,NaN,NaN,NaN,NaN,NaN
0.28681,0.29082,0.27082,0.23549,0.22705,0.24589,0.20929,0.11716,0.055454,0.1063,0.22904,0.27875,0.3235,0.39323,0.3862,0.26282,0.15227,0.14851,0.21723,0.27754,0.3925,0.52729,0.53869,0.48903,NaN,NaN,NaN,NaN,NaN,NaN,NaN,NaN
0.38942,0.35502,0.29204,0.26394,0.28092,0.26204,0.18503,0.10636,0.098272,0.19795,0.30988,0.34061,0.33829,0.32896,0.25612,0.12004,0.064139,0.084558,0.16452,0.23134,0.34388,0.4836,0.51845,0.47952,NaN,NaN,NaN,NaN,NaN,NaN,NaN,NaN
0.45252,0.39523,0.31549,0.28083,0.29308,0.28882,0.21044,0.12309,0.12967,0.26351,0.36958,0.37741,0.35674,0.3124,0.15207,-0.015046,-0.016968,0.05086,0.11674,0.18813,0.29376,0.42441,NaN,NaN,NaN,NaN,NaN,NaN,NaN,NaN,NaN,NaN
0.44248,0.40116,0.3453,0.30036,0.32934,0.32755,0.23605,0.13121,0.13544,0.28085,0.38173,0.38961,0.38687,0.32693,0.13966,-0.080831,NaN,NaN,0.055885,0.14623,0.22558,0.31556,NaN,NaN,NaN,NaN,NaN,NaN,NaN,NaN,NaN,NaN
0.48498,0.42251,0.35853,0.33315,0.35676,0.32385,0.22163,0.14076,0.19125,0.32882,0.38501,0.36091,0.35626,0.34178,0.20291,-0.0075674,-0.11974,-0.11605,0.0028625,0.099513,0.16381,0.2481,NaN,NaN,NaN,NaN,NaN,NaN,NaN,NaN,NaN,NaN
0.46089,0.41084,0.36589,0.35841,0.35363,0.26618,0.16952,0.15843,0.27748,0.40041,0.40812,0.32003,0.32196,0.32652,0.26358,0.10643,-0.064702,NaN,NaN,-0.008743,0.086976,0.20765,0.28878,0.28817,NaN,NaN,NaN,NaN,NaN,NaN,NaN,NaN
0.41535,0.39141,0.35272,0.36077,0.3558,0.25047,0.18566,0.24308,0.396,0.48256,0.45046,0.34671,0.32865,0.31343,0.25319,0.094545,-0.028359,NaN,NaN,NaN,0.064904,0.19906,0.31257,0.31883,0.24237,NaN,NaN,NaN,NaN,NaN,NaN,NaN
0.40555,0.3904,0.34815,0.33625,0.34012,0.24649,0.21624,0.33745,0.49733,0.53737,0.49106,0.41247,0.35533,0.31205,0.22576,0.070631,0.010063,NaN,NaN,NaN,0.10817,0.23857,0.36279,0.3859,0.25454,NaN,NaN,NaN,NaN,NaN,NaN,NaN
0.36729,0.35723,0.31665,0.30865,0.32085,0.24948,0.23469,0.3952,0.53807,0.55072,0.49506,0.4009,0.35103,0.29624,0.19423,0.037771,-0.0079388,0.095575,NaN,NaN,NaN,0.20847,NaN,NaN,NaN,NaN,NaN,NaN,NaN,NaN,NaN,NaN
0.28076,0.30271,0.29896,0.29096,0.31181,0.25043,0.25047,0.40539,0.52689,0.52851,0.48698,0.40641,0.34992,0.2838,0.17131,-0.0014856,-0.072932,0.047679,NaN,NaN,0.14122,0.18328,0.20703,0.22,NaN,NaN,NaN,NaN,NaN,NaN,NaN,NaN
0.18639,0.22576,0.25015,0.26214,0.29068,0.26102,0.27504,0.41127,0.50067,0.49892,0.47661,0.41434,0.33993,0.23362,0.092167,-0.059287,-0.1286,-0.0048296,0.17427,NaN,0.13564,0.14903,0.18144,0.19873,0.2129,0.23083,NaN,NaN,NaN,NaN,NaN,NaN
0.15208,0.18276,0.22225,0.24189,0.27427,0.28225,0.30826,0.41728,0.48492,0.46878,0.45966,0.40785,0.32011,0.20474,0.06079,-0.068893,-0.089652,0.0090719,0.1784,0.23528,NaN,0.12124,0.17077,0.18752,0.19793,0.23859,NaN,NaN,NaN,NaN,NaN,NaN
0.13366,0.15407,0.19557,0.22554,0.24723,0.26253,0.31397,0.40256,0.45538,0.44809,0.43948,0.38549,0.30335,0.18462,0.037045,-0.065394,-0.035996,0.038076,0.17579,0.23582,0.20774,0.18262,0.20487,0.19188,0.17928,0.2231,0.22875,0.10542,NaN,NaN,NaN,NaN
0.14687,0.13269,0.16411,0.17363,0.16973,0.22682,0.3139,0.37935,0.41111,0.40931,0.39824,0.34507,0.2815,0.19215,0.055319,-0.0062009,0.0036191,0.053289,0.1827,0.23666,0.25962,0.27776,0.24341,0.1603,0.13344,0.19095,0.24123,0.21373,0.18528,NaN,NaN,NaN
0.17483,0.11137,0.13979,0.12892,0.096461,0.19615,0.30822,0.36149,0.35958,0.35123,0.34787,0.29544,0.27742,0.23336,0.14276,0.11284,0.10498,0.029677,0.14176,0.21371,0.27875,0.33392,0.26919,0.1315,0.091116,0.17301,0.25415,0.25673,0.22528,0.22822,0.33338,0.47374
0.16779,0.078915,0.11367,0.11818,0.090488,0.18176,0.31076,0.36304,0.33543,0.30789,0.30822,0.26023,0.26163,0.27708,0.25417,0.3214,0.29151,0.11778,0.064189,0.1409,0.23117,0.30598,0.26627,0.13778,0.1033,0.16581,0.25149,0.28616,0.25503,0.24026,0.29501,0.40319
0.16752,0.056636,0.081929,0.10289,0.089191,0.16901,0.30399,0.36829,0.32526,0.26271,0.25641,0.20716,0.23383,0.29889,0.3731,0.44104,0.45915,0.32796,0.11284,0.087222,0.16172,0.23049,0.2292,0.14322,0.096471,0.13021,0.21619,0.28471,0.28813,0.25992,0.28762,0.3467
0.13301,0.012021,0.018459,0.051119,0.09551,0.18607,0.29606,0.33662,0.26527,0.20061,0.15612,0.12976,0.21304,0.31948,0.44047,0.54269,0.56285,0.48283,0.261,0.092404,0.1197,0.19105,0.1954,0.13522,0.099749,0.13977,0.21435,0.27707,0.29679,0.27215,0.29591,0.35479
0.10078,-0.011351,-0.014749,0.032199,0.11528,0.20893,0.28812,0.29686,0.2112,0.14492,0.072535,0.066727,0.19639,0.3105,0.46412,0.58483,0.62143,0.57547,0.4052,0.14144,0.063799,0.12092,0.15672,0.12528,0.13291,0.16766,0.18849,0.24032,0.30532,0.33848,0.40255,0.45374
0.049581,-0.029362,0.00030093,0.053289,0.13098,0.23167,0.30119,0.27374,0.17919,0.14355,0.084851,0.070155,0.18757,0.28042,0.43713,0.58921,0.64403,0.63687,0.50907,0.27012,0.074477,0.085865,0.12246,0.13849,0.18243,0.21506,0.19301,0.20394,0.27215,0.33226,0.40161,0.46441
-0.00032895,-0.034828,0.054909,0.097557,0.13142,0.22297,0.28096,0.23512,0.16478,0.17375,0.14932,0.14094,0.24187,0.31187,0.45076,0.58734,0.66035,0.67403,0.59626,0.40336,0.10978,0.02841,0.085846,0.14193,0.19883,0.22778,0.19016,0.16526,0.26271,0.35771,0.38791,0.3953
0.0068322,-0.022654,0.065329,0.11494,0.14841,0.2209,0.26135,0.2083,0.17677,0.23555,0.24814,0.25466,0.32421,0.41068,0.51505,0.60432,0.6678,0.69997,0.65801,0.51249,0.20553,0.04491,0.079729,0.11011,0.18061,0.24506,0.239,0.21271,0.29903,0.38569,0.35099,0.30919
0.082768,0.01314,0.072981,0.13199,0.17864,0.22823,0.23827,0.17619,0.18547,0.30708,0.36209,0.3444,0.42692,0.51912,0.56938,0.62238,0.67841,0.71972,0.70521,0.58728,0.33006,0.078278,0.027383,0.028238,0.1,0.19432,0.22928,0.24476,0.30941,0.34945,0.26627,0.20696
0.088434,0.010397,0.057096,0.13436,0.20579,0.25134,0.22754,0.14962,0.18118,0.32626,0.39627,0.40173,0.48695,0.58295,0.61281,0.64089,0.68997,0.73728,0.7392,0.6435,0.43648,0.123,0.032832,0.0095153,0.087716,0.18018,0.21913,0.24945,0.3024,0.32634,0.26483,0.24839
0.070596,0.022337,0.082365,0.16775,0.2396,0.25875,0.20915,0.15416,0.20456,0.31502,0.39352,0.44553,0.53402,0.61598,0.66448,0.6877,0.72092,0.75253,0.7654,0.70471,0.53695,0.17354,0.040482,0.01962,0.095444,0.17778,0.21893,0.25637,0.26546,0.25601,0.23762,0.29063
0.080276,0.07544,0.1563,0.22153,0.24332,0.24685,0.21237,0.20573,0.26098,0.32368,0.36989,0.43977,0.54943,0.6374,0.69652,0.72538,0.75039,0.77382,0.78446,0.74335,0.60082,0.25792,-0.0042189,-0.021696,0.060773,0.15993,0.20651,0.24083,0.24673,0.2363,0.21857,0.27901
0.13004,0.15216,0.22769,0.24403,0.23052,0.22431,0.22916,0.26399,0.30818,0.34891,0.37644,0.44842,0.56458,0.64825,0.71274,0.74821,0.77343,0.7962,0.8101,0.78661,0.68455,0.29912,-0.056565,-0.079876,0.043493,0.15927,0.20582,0.21146,0.22111,0.22677,0.21695,0.26621
0.20063,0.21364,0.26139,0.23283,0.21207,0.21921,0.22506,0.28222,0.33557,0.38266,0.42556,0.50058,0.5961,0.67039,0.72531,0.75231,0.77682,0.80981,0.82917,0.8093,0.72171,0.37882,-0.051726,-0.11214,0.02377,0.15392,0.19935,0.17276,0.18254,0.21056,0.20132,0.27885
0.26408,0.22829,0.23994,0.20384,0.19472,0.21409,0.21778,0.28771,0.3543,0.42163,0.49537,0.55888,0.63343,0.7004,0.73287,0.74773,0.77403,0.81583,0.83871,0.81594,0.74181,0.50628,0.052047,-0.10719,0.01833,0.14596,0.19941,0.18995,0.18507,0.18647,0.1727,0.27163
0.29393,0.23526,0.23353,0.19833,0.20703,0.21436,0.23578,0.3084,0.37347,0.47618,0.56181,0.60389,0.65666,0.71989,0.73794,0.74388,0.77106,0.81749,0.84245,0.82076,0.76419,0.61157,0.24282,-0.082566,0.00088421,0.10785,0.18191,0.20998,0.20041,0.16804,0.12583,0.20108
0.32968,0.28093,0.26343,0.22218,0.21672,0.21169,0.26844,0.34278,0.40493,0.51163,0.59925,0.62507,0.67531,0.7291,0.73679,0.73999,0.76867,0.81468,0.84563,0.82624,0.7613,0.66715,0.398,-0.04044,-0.034356,0.062934,0.15049,0.19704,0.20116,0.17643,0.13065,0.14482
0.37818,0.32799,0.29828,0.24841,0.21743,0.21527,0.31302,0.37177,0.42344,0.52096,0.60498,0.632,0.69275,0.73069,0.72781,0.72754,0.7538,0.80261,0.83868,0.82368,0.76974,0.70752,0.51118,0.031596,-0.07996,0.0059325,0.11133,0.18661,0.20472,0.22171,0.20615,0.18715
0.42766,0.38164,0.33855,0.26477,0.21604,0.23183,0.35606,0.40689,0.43997,0.52474,0.6046,0.66433,0.71388,0.73593,0.72156,0.71322,0.73403,0.7842,0.82271,0.81611,0.76446,0.73319,0.59253,0.11393,-0.087021,-0.014404,0.092461,0.18212,0.21886,0.24886,0.25066,0.25078
0.4411,0.39884,0.36772,0.27696,0.20341,0.26548,0.40525,0.4489,0.45396,0.53052,0.59639,0.6682,0.72168,0.73764,0.71722,0.69849,0.71904,0.77034,0.81336,0.8049,0.7695,0.74937,0.6317,0.22031,-0.071091,-0.0087826,0.098117,0.19813,0.21445,0.2233,0.23167,0.23361
0.44002,0.39995,0.37863,0.29823,0.25338,0.32655,0.44951,0.46912,0.48302,0.53161,0.56549,0.62557,0.71464,0.74259,0.71995,0.69713,0.7143,0.76704,0.81061,0.80115,0.7723,0.74992,0.66871,0.33631,-0.050473,-0.01202,0.1058,0.21227,0.22353,0.20589,0.2049,0.19565
0.46585,0.39373,0.3467,0.29288,0.29966,0.39977,0.49516,0.50671,0.50791,0.53424,0.54473,0.62052,0.72607,0.75559,0.7276,0.70113,0.71596,0.76646,0.80995,0.80002,0.77677,0.74447,0.67532,0.43641,-0.0037249,-0.010037,0.12409,0.215,0.23879,0.23726,0.24369,0.24172
0.44429,0.35376,0.27847,0.25431,0.31513,0.4531,0.5491,0.57749,0.57992,0.55641,0.55344,0.65465,0.74473,0.76106,0.73003,0.70301,0.71348,0.7651,0.80926,0.80247,0.79158,0.7638,0.70815,0.51218,0.065791,-0.011617,0.13408,0.23013,0.26613,0.2784,0.29499,0.29777
0.39198,0.30339,0.23417,0.22244,0.31944,0.47033,0.57498,0.62158,0.61436,0.58301,0.58056,0.67876,0.75135,0.75418,0.72142,0.69401,0.70402,0.75698,0.80729,0.81328,0.81409,0.79279,0.74331,0.58068,0.14356,-0.028274,0.14392,0.26059,0.29786,0.30709,0.29954,0.28908
0.35757,0.27644,0.23383,0.23468,0.3262,0.48634,0.5765,0.60483,0.60555,0.58676,0.59468,0.69317,0.76031,0.74961,0.71203,0.67939,0.689,0.73992,0.802,0.82504,0.83269,0.82069,0.77629,0.6435,0.25238,-0.045837,0.10704,0.23895,0.26299,0.2573,0.25623,0.27314
0.34086,0.29486,0.2971,0.29174,0.34923,0.4984,0.58777,0.622,0.61938,0.61515,0.63965,0.72447,0.76761,0.75325,0.70966,0.66906,0.6788,0.72991,0.80275,0.84142,0.85089,0.83572,0.81472,0.71517,0.39476,-0.03443,0.030244,0.17782,0.2597,0.27381,0.26146,0.2873
0.3871,0.34281,0.33091,0.33393,0.40211,0.54251,0.61157,0.63877,0.64497,0.62643,0.65647,0.73311,0.77149,0.76082,0.71039,0.66213,0.67002,0.72502,0.80476,0.84525,0.85106,0.83516,0.81569,0.75008,0.48143,-0.037664,-0.039118,0.12856,0.25082,0.31887,0.33025,0.34408
0.37845,0.30426,0.25925,0.31381,0.47327,0.59749,0.63883,0.63961,0.61168,0.6221,0.68821,0.74987,0.77634,0.76896,0.72094,0.66404,0.66273,0.71556,0.79852,0.84034,0.84876,0.83938,0.83036,0.76538,0.54475,0.036408,-0.066652,0.10754,0.24953,0.36992,0.40137,0.3983
0.30618,0.2136,0.17426,0.32074,0.53651,0.63271,0.64419,0.62766,0.59281,0.61316,0.70265,0.76709,0.78096,0.77267,0.72687,0.67109,0.65834,0.70814,0.79048,0.837,0.85441,0.84957,0.84155,0.7781,0.5904,0.12935,-0.045169,0.12237,0.28095,0.39917,0.40603,0.41557
0.25513,0.13249,0.13767,0.38339,0.598,0.67658,0.66864,0.63606,0.59014,0.61861,0.71956,0.78907,0.79208,0.78178,0.7395,0.68212,0.66554,0.71361,0.78975,0.84069,0.86063,0.85577,0.84274,0.79393,0.64966,0.2884,0.01252,0.16209,0.29535,0.38444,0.40833,0.42307
0.22776,0.11302,0.20639,0.48714,0.64434,0.70337,0.69081,0.65631,0.60957,0.64893,0.73141,0.7954,0.80368,0.79217,0.75111,0.68947,0.67235,0.71911,0.78961,0.84251,0.85794,0.84988,0.83655,0.8027,0.7022,0.42829,0.088671,0.18992,0.30005,0.36982,0.41488,0.43704
0.22368,0.14342,0.31871,0.5738,0.68713,0.7291,0.7049,0.66637,0.63741,0.6841,0.75717,0.80772,0.81275,0.79869,0.75054,0.69094,0.67488,0.71571,0.78099,0.83029,0.84552,0.83614,0.82754,0.80815,0.71949,0.48935,0.12862,0.17729,0.31098,0.38603,0.44085,0.45155
0.17098,0.16029,0.4046,0.62828,0.71804,0.74132,0.70735,0.67014,0.65038,0.70128,0.78254,0.82898,0.81844,0.7931,0.74567,0.68676,0.66526,0.70004,0.76234,0.81031,0.82615,0.82177,0.81985,0.80513,0.71666,0.50077,0.10823,0.10067,0.30593,0.41298,0.46036,0.44531
0.11365,0.20028,0.46842,0.65652,0.73372,0.74224,0.71197,0.67794,0.66417,0.70767,0.78674,0.84156,0.82001,0.77957,0.73543,0.67568,0.64608,0.67288,0.73883,0.79322,0.81952,0.81884,0.81528,0.7963,0.71914,0.52298,0.1296,0.026762,0.27016,0.40683,0.45874,0.41292
0.12366,0.27351,0.51195,0.68008,0.73066,0.72035,0.69952,0.68126,0.67459,0.71408,0.78472,0.83717,0.81707,0.76427,0.72013,0.65904,0.62459,0.64809,0.72174,0.79381,0.8286,0.82545,0.81232,0.79061,0.71928,0.5558,0.2385,-0.019942,0.20404,0.38986,0.46646,0.40758
0.20605,0.39868,0.57728,0.69405,0.73076,0.70693,0.68588,0.66837,0.67006,0.72668,0.79669,0.84111,0.81638,0.75414,0.69813,0.64029,0.61703,0.65085,0.72982,0.80651,0.83504,0.81932,0.79731,0.77817,0.71335,0.56461,0.32005,-0.012566,0.1817,0.37952,0.4821,0.43344
0.31028,0.46994,0.61,0.70191,0.72253,0.69688,0.66583,0.6456,0.66086,0.7362,0.81448,0.84435,0.80897,0.75269,0.69339,0.63577,0.63124,0.68047,0.73868,0.79856,0.82745,0.80809,0.78744,0.76871,0.72697,0.61948,0.42362,0.050206,0.14484,0.32946,0.45582,0.42947
0.40187,0.51351,0.63088,0.71299,0.71913,0.69433,0.65681,0.6288,0.65126,0.72936,0.80206,0.82624,0.7999,0.76218,0.70868,0.65108,0.64737,0.68877,0.7287,0.78034,0.8139,0.80009,0.77512,0.75192,0.71724,0.63647,0.44814,0.085957,0.14207,0.30446,0.42959,0.40332
0.4435,0.53719,0.62989,0.70101,0.71215,0.70478,0.676,0.64998,0.67862,0.7461,0.7805,0.79564,0.79366,0.7647,0.71505,0.6549,0.64006,0.6736,0.71175,0.76468,0.80277,0.79518,0.76867,0.74189,0.71715,0.65784,0.48691,0.12518,0.10707,0.28408,0.39803,0.39393
0.49333,0.56153,0.63098,0.68819,0.70381,0.70303,0.67529,0.65907,0.69645,0.75611,0.76764,0.77725,0.78915,0.75906,0.70659,0.64181,0.62369,0.65639,0.70011,0.75703,0.79371,0.7922,0.7622,0.73369,0.70978,0.65336,0.50145,0.19229,0.13286,0.27394,0.36728,0.38028
0.54623,0.5945,0.64857,0.68717,0.70507,0.70212,0.68234,0.67268,0.70851,0.75435,0.75552,0.76947,0.7845,0.7621,0.6973,0.62703,0.61101,0.65193,0.70473,0.75242,0.78921,0.78693,0.75175,0.71782,0.68565,0.62486,0.50399,0.27914,0.18597,0.30235,0.35096,0.36816
0.59767,0.62088,0.66252,0.69432,0.71023,0.71114,0.69954,0.69171,0.70518,0.74626,0.74406,0.76313,0.7856,0.77265,0.69868,0.62067,0.60364,0.65075,0.70011,0.74255,0.77822,0.77995,0.74402,0.71137,0.67184,0.61448,0.51944,0.34273,0.20108,0.29193,0.32319,0.33284
0.6263,0.62915,0.65151,0.68343,0.69165,0.69545,0.70976,0.71288,0.71461,0.75578,0.75379,0.76841,0.78315,0.76985,0.69507,0.61593,0.60099,0.64249,0.68752,0.73434,0.7718,0.77203,0.73408,0.69879,0.66004,0.6085,0.53028,0.37571,0.20792,0.26639,0.30232,0.29695
0.62379,0.61973,0.63731,0.67054,0.67662,0.68199,0.70118,0.70981,0.71477,0.76502,0.77382,0.78075,0.79148,0.76292,0.68337,0.60516,0.59536,0.63133,0.67512,0.72728,0.76563,0.75911,0.71846,0.68113,0.65213,0.61206,0.53805,0.39628,0.24201,0.28438,0.30371,0.28893
0.59678,0.61374,0.63895,0.6615,0.65662,0.65477,0.6712,0.69746,0.70875,0.75956,0.77135,0.7748,0.78643,0.7563,0.6723,0.60004,0.59397,0.62794,0.66495,0.71767,0.75236,0.74201,0.701,0.65722,0.63842,0.61677,0.54813,0.42054,0.2642,0.25041,0.31254,0.29695
0.59399,0.6234,0.64661,0.66655,0.65643,0.6415,0.6536,0.68637,0.70755,0.74692,0.75301,0.75633,0.76994,0.74919,0.67138,0.6011,0.5908,0.62298,0.65526,0.70823,0.73901,0.72088,0.68203,0.63458,0.62423,0.61991,0.57324,0.46057,0.29348,0.21611,0.29655,0.32785
0.63367,0.64753,0.67169,0.70093,0.6922,0.67038,0.66669,0.69789,0.73142,0.74265,0.74794,0.74864,0.74566,0.70904,0.63589,0.5864,0.58327,0.61301,0.64558,0.69461,0.72586,0.69939,0.65874,0.61581,0.60879,0.61824,0.5901,0.50092,0.31231,0.16676,0.24334,0.31536
0.67287,0.67371,0.70125,0.74306,0.73942,0.70729,0.69005,0.70907,0.73896,0.73807,0.75245,0.75672,0.72225,0.65924,0.58096,0.55791,0.56779,0.60026,0.63308,0.67998,0.71035,0.67605,0.6313,0.59436,0.59418,0.60847,0.59135,0.51381,0.33153,0.15474,0.20497,0.27167
0.67612,0.67351,0.69941,0.75469,0.77045,0.73599,0.69422,0.68647,0.70809,0.72627,0.74731,0.74637,0.70544,0.62815,0.5493,0.53771,0.55661,0.58836,0.61912,0.66199,0.68284,0.64452,0.60338,0.57402,0.57894,0.59216,0.57234,0.5346,0.38565,0.17711,0.17159,0.25264
NaN,0.67409,0.6747,0.71998,0.75952,0.7397,0.67107,0.64103,0.66341,0.70127,0.73006,0.718,0.68646,0.61398,0.53491,0.52276,0.5388,0.57127,0.60307,0.64571,0.65972,0.61745,0.58196,0.56237,0.56338,0.56715,0.5492,0.5316,0.40188,0.19941,0.16938,0.24871
NaN,NaN,0.61919,0.64937,0.68454,0.68598,0.62886,0.60989,0.64886,0.6928,0.71498,0.69335,0.67397,0.61054,0.53275,0.5139,0.51899,0.55051,0.59199,0.63891,0.64913,0.6012,0.5722,0.55472,0.54722,0.53962,0.51461,0.47601,0.36084,0.1559,0.1434,0.23523
NaN,NaN,0.57824,0.596,0.59622,0.61056,0.61352,0.62806,0.6567,0.67032,0.67639,0.66479,0.6573,0.60954,0.54299,0.50778,0.50508,0.53509,0.58291,0.63243,0.63939,0.58771,0.55939,0.5497,0.52061,0.51446,0.49064,0.43849,0.32737,0.16109,0.11023,0.19986
NaN,NaN,NaN,0.53452,0.55183,0.58601,0.62985,0.65661,0.65121,0.62897,0.62856,0.63443,0.64011,0.60045,0.54034,0.50347,0.49664,0.52841,0.57551,0.62435,0.62846,0.57026,0.55721,0.53651,0.50118,0.49413,0.47233,0.43702,0.35351,0.20072,0.12028,0.18473
NaN,NaN,NaN,NaN,0.56226,0.5927,0.62492,0.63171,0.62301,0.59406,0.60048,0.60794,0.61382,0.56744,0.50471,0.47758,0.47981,0.51894,0.56643,0.61816,0.61214,0.55525,0.53939,0.51734,0.47039,0.46352,0.45317,0.43423,0.37292,0.23208,0.14173,0.22052
NaN,NaN,NaN,NaN,NaN,NaN,0.57967,0.58738,0.5929,0.58243,0.59352,0.60889,0.6125,0.55789,0.47014,0.43757,0.45296,0.4949,0.54169,0.5927,0.59063,0.54221,0.52697,0.50153,0.45804,0.4428,0.43231,0.40133,0.34394,0.25841,0.19015,0.27257
NaN,NaN,NaN,NaN,NaN,NaN,0.50749,0.52673,0.59735,0.60833,0.61727,0.63387,0.62326,0.56513,0.44747,0.39007,0.41342,0.4652,0.50789,0.55912,0.56729,0.54223,0.52517,0.48938,0.4448,0.42762,0.41364,0.35854,0.2996,0.2665,0.22419,0.27842
NaN,NaN,NaN,NaN,NaN,NaN,NaN,0.4592,0.56401,0.58117,0.61577,0.65231,0.63722,0.57331,0.42212,0.35033,0.3742,0.4325,0.47319,0.52637,0.56105,0.54127,0.51848,0.48402,0.44332,0.42929,0.41452,0.35684,0.29125,0.27976,0.25023,0.24189
NaN,NaN,NaN,NaN,NaN,NaN,NaN,0.41767,0.49323,0.51215,0.58964,0.66918,0.66395,0.58415,0.39658,0.31557,0.34779,0.40379,0.44299,0.51191,0.56365,0.54873,0.52008,0.48903,0.44172,0.4264,0.42243,0.36975,0.29114,0.27027,0.24542,0.21211
NaN,NaN,NaN,-0.039453,-0.10428,NaN,NaN,NaN,0.47704,0.49321,0.58126,0.6824,0.69247,0.60942,0.38318,0.29651,0.32773,0.37457,0.41261,0.50903,0.57295,0.54708,0.52153,0.51433,0.44564,0.41531,0.41315,0.36521,0.29301,0.26735,0.27126,0.2352
NaN,0.18424,0.086575,-0.048557,-0.086631,0.057677,NaN,NaN,0.46817,0.49564,0.59753,0.69518,0.70723,0.64358,0.37768,0.2642,0.2878,0.32891,0.37033,0.48321,0.54949,0.5118,0.51401,0.53601,0.47535,0.41115,0.38944,0.35709,0.31309,0.28749,0.29616,0.29259
0.015189,0.033582,-0.01107,-0.060141,-0.049219,0.11133,NaN,NaN,0.47111,0.51719,0.63102,0.70105,0.71116,0.6507,0.3579,0.22071,0.24762,0.29708,0.34327,0.46004,0.51603,0.48239,0.50101,0.54669,0.50236,0.41715,0.37044,0.34586,0.3194,0.29113,0.28457,0.27996
-0.013635,-0.018942,-0.03957,-0.01849,0.08461,0.18109,NaN,NaN,0.54732,0.61235,0.67536,0.70167,0.70498,0.64091,0.33023,0.16332,0.19414,0.27748,0.34544,0.43397,0.48895,0.48413,0.50407,0.52975,0.51501,0.43877,0.3625,0.33291,0.31616,0.28671,0.27565,0.27551
0.035644,-0.019873,-0.067919,0.011423,0.23496,NaN,NaN,NaN,NaN,0.67742,0.67765,0.69043,0.68419,0.61106,0.2931,0.094074,0.12869,0.24728,0.33148,0.40263,0.46124,0.50311,0.50755,0.51673,0.51218,0.45494,0.37179,0.34175,0.32025,0.28382,0.26422,0.24743
0.034915,-0.090985,-0.12413,0.19044,0.43193,NaN,0.56866,0.54658,NaN,0.65608,0.64919,0.66221,0.6469,0.58716,0.28329,0.048372,0.071665,0.18771,0.2903,0.37859,0.43559,0.48749,0.50344,0.50629,0.49101,0.4591,0.39873,0.35987,0.32848,0.28358,0.2489,0.23224
-0.077396,-0.20501,-0.13055,0.32319,0.51071,0.56341,0.57303,0.54491,NaN,NaN,0.60166,0.6255,0.6115,0.5801,0.32741,0.058253,0.054115,0.14291,0.24381,0.35286,0.40325,0.4525,0.50081,0.49646,0.46983,0.45561,0.42517,0.37931,0.33799,0.28616,0.24199,0.2206
-0.22695,-0.28209,-0.21488,0.20767,0.45131,0.52782,0.55125,0.52843,NaN,NaN,NaN,0.63645,0.61303,0.56936,0.37629,0.12875,0.083063,0.13358,0.20323,0.31217,0.38528,0.44257,0.49297,0.49415,0.47552,0.46956,0.44951,0.40963,0.36229,0.30263,0.24594,0.21079
NaN,NaN,-0.14411,0.12662,0.39757,0.48956,0.53288,0.52164,0.51344,0.51898,0.57248,NaN,0.58511,0.49112,0.35372,0.2289,0.14471,0.13205,0.17035,0.24629,0.34142,0.42505,0.48533,0.49083,0.48737,0.49202,0.47332,0.435,0.37861,0.31016,0.26368,0.21738
-0.086785,NaN,NaN,0.13667,0.3928,0.4921,0.53905,0.53369,0.54844,0.57892,0.6073,NaN,0.43438,0.36784,0.34331,0.29639,0.20131,0.1315,NaN,0.22368,0.30007,0.36694,0.42602,0.47234,0.50491,0.51421,0.47767,0.42517,0.37721,0.31844,0.29301,0.25111
-0.15904,-0.027085,0.13602,0.34823,0.44688,0.51744,0.55654,0.5492,0.56403,0.59497,0.60744,0.48057,0.34156,0.31431,0.35137,NaN,NaN,NaN,NaN,NaN,NaN,0.28067,0.31353,0.41374,0.48094,0.47227,0.42921,0.37976,0.35589,0.35055,0.37064,0.35514
-0.061824,0.041791,0.2233,0.37179,0.43107,0.48912,0.53702,0.55848,0.58356,0.6198,0.61569,NaN,NaN,NaN,NaN,NaN,NaN,NaN,NaN,NaN,NaN,NaN,0.27181,0.36615,0.44082,0.42231,0.38668,0.3336,0.32141,0.35603,0.41146,0.40874
-0.10986,-0.020329,0.22087,0.40289,0.43939,0.47398,0.52774,0.56787,0.59224,0.59966,NaN,NaN,NaN,NaN,NaN,NaN,NaN,NaN,NaN,NaN,NaN,NaN,NaN,NaN,0.3896,0.38365,0.37209,0.32778,0.29537,0.33406,0.38985,0.39217
-0.048397,0.03829,0.30427,0.41962,0.4586,0.49142,0.55099,0.57134,0.56854,0.54494,NaN,NaN,NaN,NaN,NaN,NaN,NaN,NaN,NaN,NaN,NaN,NaN,NaN,NaN,NaN,0.39606,0.38871,0.33964,0.29543,0.31964,0.35634,0.35139
0.065821,0.19616,0.39819,0.44565,0.47889,0.53931,0.59913,0.59336,0.54957,0.48399,NaN,NaN,NaN,NaN,NaN,NaN,NaN,NaN,NaN,NaN,NaN,NaN,NaN,NaN,NaN,0.41805,0.4084,0.35488,0.32562,0.33525,0.34896,NaN
0.17718,0.25756,0.40862,0.46417,0.51697,0.59336,0.63932,0.60111,0.54288,0.49415,NaN,NaN,NaN,NaN,NaN,NaN,NaN,NaN,NaN,NaN,NaN,NaN,NaN,NaN,NaN,NaN,NaN,NaN,NaN,NaN,NaN,NaN
0.2861,0.34696,0.45247,0.50403,0.56089,0.62062,0.64435,0.59216,0.54094,0.44349,NaN,NaN,NaN,NaN,NaN,NaN,NaN,NaN,NaN,NaN,NaN,NaN,NaN,NaN,NaN,NaN,NaN,NaN,NaN,NaN,NaN,NaN
0.36163,0.4394,0.50315,0.54248,0.57671,0.61443,0.62846,0.58749,0.53635,0.4233,0.28226,NaN,NaN,NaN,NaN,NaN,NaN,NaN,NaN,NaN,NaN,NaN,NaN,NaN,NaN,NaN,NaN,NaN,NaN,NaN,NaN,NaN
0.37608,0.46075,0.50386,0.53869,0.56299,0.58287,0.59294,0.57448,0.53457,0.42265,NaN,NaN,NaN,NaN,NaN,NaN,NaN,NaN,NaN,NaN,NaN,NaN,NaN,NaN,NaN,NaN,NaN,NaN,NaN,NaN,NaN,NaN
0.37181,0.45067,0.48549,0.50108,0.53093,0.53694,0.54305,0.54521,0.51485,0.44078,0.32298,NaN,NaN,NaN,NaN,NaN,NaN,NaN,NaN,NaN,NaN,NaN,NaN,NaN,NaN,NaN,NaN,NaN,NaN,NaN,NaN,NaN
0.34008,0.40388,0.44345,0.47215,0.49637,0.50878,0.49924,0.49364,0.48972,0.46371,0.39491,0.34021,NaN,NaN,NaN,NaN,NaN,NaN,NaN,NaN,NaN,NaN,NaN,NaN,NaN,NaN,NaN,NaN,NaN,NaN,NaN,NaN
0.30125,0.33421,0.41815,0.4463,0.47276,0.48767,0.46615,0.45999,0.45904,0.45634,0.42757,0.36837,NaN,NaN,NaN,NaN,NaN,NaN,NaN,NaN,NaN,NaN,NaN,NaN,NaN,NaN,NaN,NaN,NaN,NaN,NaN,NaN
0.29946,0.34699,0.42734,0.44882,0.43555,0.45424,0.44976,0.44281,0.43238,0.43236,0.41345,0.38603,0.38025,NaN,NaN,NaN,NaN,NaN,NaN,NaN,NaN,NaN,NaN,NaN,NaN,NaN,NaN,NaN,NaN,NaN,NaN,NaN
0.33503,0.37553,0.44538,0.44259,0.41376,0.42147,0.43841,0.43244,0.40846,0.41298,0.41029,0.41652,0.43117,NaN,NaN,NaN,NaN,NaN,NaN,NaN,NaN,NaN,NaN,NaN,NaN,NaN,NaN,NaN,NaN,NaN,NaN,NaN
0.36335,0.3943,0.43391,0.42815,0.3966,0.39503,0.42161,0.41711,0.38905,0.37733,0.38744,0.41957,0.46641,NaN,NaN,NaN,NaN,NaN,NaN,NaN,NaN,NaN,NaN,NaN,NaN,NaN,NaN,NaN,NaN,NaN,NaN,NaN
0.35806,0.35778,0.39096,0.40417,0.38088,0.37407,0.40145,0.39828,0.3696,0.34648,0.37045,0.40595,0.42911,0.45422,0.46962,NaN,NaN,NaN,NaN,NaN,NaN,NaN,NaN,NaN,NaN,NaN,NaN,NaN,NaN,NaN,NaN,NaN
0.31664,0.31519,0.34225,0.35514,0.33652,0.34055,0.35802,0.3646,0.33725,0.33243,0.36276,0.38083,0.37967,0.42794,0.48536,0.47921,NaN,NaN,NaN,NaN,NaN,NaN,NaN,NaN,NaN,NaN,NaN,NaN,NaN,NaN,NaN,0.39116
0.2841,0.30778,0.34457,0.31201,0.27722,0.30078,0.31968,0.33042,0.31909,0.33105,0.35673,0.37143,0.40973,0.45042,0.44078,0.4234,NaN,NaN,NaN,NaN,NaN,NaN,NaN,NaN,NaN,NaN,NaN,NaN,NaN,0.45305,0.47703,0.48535
0.34393,0.3716,0.3653,0.26499,0.22253,0.26982,0.3012,0.31578,0.31714,0.33732,0.34748,0.37013,0.43851,0.4816,0.402,0.31995,0.29639,NaN,NaN,NaN,NaN,NaN,NaN,NaN,NaN,NaN,NaN,NaN,0.44772,0.48827,0.45563,0.44099
0.37949,0.3629,0.30597,0.19581,0.18179,0.23887,0.28209,0.31385,0.3341,0.34271,0.33519,0.36163,0.44947,0.48976,0.4017,0.28763,0.172,NaN,NaN,NaN,NaN,NaN,NaN,NaN,NaN,NaN,NaN,NaN,0.47118,0.45857,0.39296,0.37362
0.36359,0.29311,0.21409,0.14609,0.15522,0.2128,0.26331,0.3071,0.34961,0.36382,0.35252,0.3648,0.41363,0.44215,0.39862,0.30224,0.15927,0.11845,NaN,NaN,NaN,NaN,NaN,NaN,NaN,NaN,NaN,0.3756,0.44865,0.44584,0.3794,0.33027
0.30197,0.20458,0.13638,0.11767,0.138,0.19272,0.24316,0.29716,0.34801,0.38338,0.42821,0.45665,0.46505,0.45977,0.44127,0.3872,0.25462,0.16514,NaN,NaN,NaN,NaN,NaN,NaN,NaN,0.41688,0.40983,0.4161,0.45821,0.4593,0.4072,0.33605
0.20516,0.11907,0.098122,0.10401,0.12192,0.17544,0.2294,0.28519,0.33253,0.397,0.48287,0.53226,0.50967,0.47621,0.4662,0.41897,0.30564,0.19227,NaN,NaN,NaN,NaN,0.33355,0.3542,0.3924,0.42527,0.44159,0.44481,0.45922,0.4638,0.42289,0.35832
0.12293,0.08222,0.099348,0.1107,0.12025,0.17036,0.2234,0.28088,0.3198,0.39516,0.49953,0.54421,0.52321,0.50081,0.4603,0.40417,0.39317,0.32651,0.24559,NaN,NaN,0.25269,0.27316,0.31254,0.3658,0.39006,0.40653,0.44182,0.45574,0.45625,0.41346,0.34246
0.067569,0.026021,0.064771,0.096303,0.1139,0.15214,0.20582,0.25531,0.29373,0.36016,0.45255,0.4799,0.46861,0.49166,0.46034,0.40758,0.43886,0.43997,0.373,0.28588,0.24805,0.18591,0.1763,0.22513,0.30656,0.3063,0.33834,0.41168,0.45119,0.46166,0.40743,0.31452
0.013831,-0.020496,0.028245,0.087379,0.11118,0.1323,0.17528,0.22796,0.26587,0.33902,0.40223,0.4155,0.45161,0.50011,0.46469,0.4189,0.45071,0.47758,0.47972,0.43087,0.32618,0.18948,0.10696,0.15302,0.22976,0.25856,0.28139,0.36712,0.45474,0.48376,0.42155,0.30148
-0.040008,-0.041774,0.016606,0.07875,0.10374,0.10792,0.15055,0.19893,0.22774,0.29707,0.36435,0.39285,0.46066,0.51275,0.46276,0.43593,0.47409,0.4925,0.51466,0.49787,0.38923,0.23216,0.083449,0.10638,0.18005,0.21973,0.24946,0.33448,0.45777,0.50238,0.43774,0.29787
-0.071324,-0.03431,0.018386,0.083142,0.096117,0.096994,0.13721,0.18176,0.20001,0.24866,0.30735,0.36349,0.44906,0.50508,0.45225,0.45597,0.4917,0.49909,0.51934,0.50474,0.44893,0.28672,0.10118,0.077459,0.15808,0.198,0.23019,0.33663,0.47011,0.51478,0.45394,0.31322
-0.075334,-0.0085131,0.051263,0.098639,0.10365,0.096916,0.12828,0.17673,0.19293,0.21657,0.26523,0.31987,0.41116,0.47339,0.4395,0.44868,0.47536,0.48514,0.50487,0.51504,0.47993,0.33087,0.13465,0.079109,0.14926,0.19009,0.23079,0.34994,0.47407,0.50747,0.45473,0.32222
-0.043776,0.024759,0.071056,0.10324,0.09392,0.091059,0.12814,0.17451,0.18154,0.1883,0.23105,0.28184,0.37089,0.43006,0.41797,0.41528,0.42433,0.4571,0.50793,0.52892,0.4855,0.35798,0.18551,0.093594,0.14838,0.19378,0.24462,0.36189,0.47749,0.49614,0.45106,0.31771
0.015969,0.067721,0.074103,0.082095,0.077627,0.082568,0.12374,0.14939,0.14092,0.15633,0.2061,0.25684,0.32786,0.38325,0.40345,0.38143,0.3671,0.41043,0.50252,0.53994,0.48348,0.38244,0.23792,0.12187,0.14794,0.20869,0.26604,0.36181,0.46035,0.48231,0.4522,0.32793
0.048246,0.0593,0.034108,0.034517,0.035566,0.043062,0.079827,0.088374,0.067222,0.097288,0.18363,0.25758,0.32217,0.35465,0.36237,0.33528,0.32703,0.37115,0.48016,0.53922,0.48632,0.40307,0.30614,0.1548,0.1486,0.22312,0.27278,0.33897,0.42432,0.44482,0.43683,0.32546
0.072275,0.040748,-0.0079913,-0.041853,-0.042061,-0.021139,0.018182,0.034746,0.014015,0.041813,0.1429,0.23601,0.2963,0.31138,0.31285,0.30428,0.30035,0.33231,0.45227,0.54839,0.52138,0.41851,0.32363,0.20124,0.16587,0.23202,0.2804,0.32722,0.40097,0.43613,0.43555,0.33871
0.036493,-0.007756,-0.057035,-0.091371,-0.086703,-0.059577,-0.052046,-0.0094112,0.0022513,0.024917,0.13344,0.24265,0.30358,0.31988,0.29241,0.28768,0.28976,0.31333,0.42068,0.54107,0.52957,0.41895,0.31547,0.22719,0.1733,0.22461,0.27556,0.32848,0.38766,0.41866,0.41286,0.33032
-0.029464,-0.057314,-0.11484,NaN,NaN,NaN,NaN,NaN,NaN,NaN,0.13541,0.24802,0.32761,0.35598,0.26075,0.25982,0.272,0.30306,0.38512,0.50582,0.51587,0.39755,0.30113,0.2285,0.1891,0.22484,0.28214,0.35192,0.40112,0.41788,0.40355,0.35005
-0.091087,-0.077048,NaN,NaN,NaN,NaN,NaN,NaN,NaN,NaN,NaN,NaN,0.35234,0.37036,0.2214,0.22553,0.25913,0.29978,0.35515,0.46203,0.50641,0.41224,0.30558,0.22352,0.18277,0.21864,0.27675,0.34393,0.38879,0.41639,0.40557,0.3579
-0.15474,NaN,NaN,NaN,NaN,NaN,NaN,NaN,NaN,NaN,NaN,NaN,0.38269,0.36067,0.17068,0.17351,0.22777,0.27334,0.32161,0.41294,0.48793,0.425,0.3092,0.21904,0.17759,0.20552,0.26499,0.33072,0.38297,0.42054,0.40194,0.35097
NaN,NaN,NaN,NaN,NaN,NaN,NaN,NaN,NaN,NaN,NaN,NaN,NaN,0.36369,0.18646,0.13593,0.18808,0.24859,0.30967,0.40106,0.4702,0.42249,0.30623,0.22431,0.17504,0.1996,0.26117,0.33978,0.39623,0.42145,0.40468,0.35621
NaN,NaN,NaN,NaN,NaN,NaN,NaN,NaN,NaN,NaN,NaN,NaN,NaN,NaN,0.26179,0.10857,0.12996,0.21549,0.32311,0.39337,0.41913,0.37502,0.27605,0.19606,0.16877,0.20727,0.26999,0.34284,0.39852,0.42043,0.39749,0.36152
NaN,NaN,NaN,NaN,NaN,NaN,NaN,NaN,NaN,NaN,NaN,NaN,NaN,0.38843,0.30898,0.094549,0.085947,0.19921,0.34209,0.37906,0.34413,0.28977,0.22172,0.15483,0.14991,0.20138,0.25803,0.32823,0.3917,0.41137,0.38734,0.35054
NaN,NaN,NaN,NaN,NaN,NaN,NaN,NaN,NaN,NaN,NaN,NaN,NaN,0.33899,0.30444,0.095251,0.062979,0.16112,0.33534,0.37067,0.31868,0.26849,0.19095,0.11165,0.1135,0.17268,0.2333,0.308,0.38625,0.4085,0.3784,0.33156
NaN,NaN,NaN,NaN,NaN,NaN,NaN,NaN,NaN,NaN,NaN,NaN,NaN,0.28077,0.28117,0.091533,0.042179,0.10765,0.29408,0.35123,0.32521,0.28214,0.16779,0.068921,0.073315,0.14126,0.20175,0.28546,0.37148,0.39357,0.36606,0.32467
