NaN,NaN,NaN,NaN,NaN,NaN,NaN,NaN,NaN,NaN,NaN,NaN,NaN,0.10792,0.17049,0.038455,-0.074208,-0.096858,0.014811,0.08746,0.11541,0.12712,0.067716,0.0064137,0.032279,0.13342,0.21146,0.29557,0.37314,0.39747,0.40387,0.39688
NaN,NaN,NaN,NaN,NaN,NaN,NaN,NaN,NaN,NaN,NaN,NaN,NaN,0.15069,0.19753,0.065956,-0.070407,-0.11909,-0.031665,0.047846,0.081366,0.10709,0.094074,0.037218,0.025168,0.076778,0.14895,0.23492,0.32139,0.34675,0.36055,0.37661
NaN,NaN,NaN,NaN,NaN,NaN,NaN,NaN,NaN,NaN,NaN,NaN,NaN,0.1609,0.2004,0.067768,-0.08282,-0.12871,-0.052603,0.013551,0.038601,0.089222,0.12577,0.096158,0.025824,0.030365,0.082045,0.15888,0.23623,0.26815,0.3006,0.32645
NaN,NaN,NaN,NaN,NaN,NaN,NaN,NaN,NaN,NaN,NaN,NaN,NaN,0.16903,0.17783,0.032825,-0.12758,-0.14986,-0.072727,-0.0283,-0.0094719,0.069405,0.14575,0.13593,0.046849,0.0068414,0.046423,0.10306,0.15647,0.18803,0.25577,0.29956
NaN,NaN,NaN,NaN,NaN,NaN,NaN,NaN,NaN,NaN,NaN,NaN,NaN,NaN,0.15136,-0.027087,-0.20006,-0.19176,-0.12503,-0.08759,-0.058649,0.016596,0.10735,0.12428,0.072569,-0.010737,-0.010242,0.062517,0.10812,0.11546,0.21767,0.2619
NaN,NaN,NaN,NaN,NaN,NaN,NaN,NaN,NaN,NaN,NaN,NaN,NaN,NaN,0.098517,-0.082747,NaN,-0.2224,-0.19331,-0.15004,-0.098213,-0.028216,0.019417,0.019764,0.012612,-0.043883,-0.073682,0.073189,0.12555,0.15913,0.23817,0.19216
NaN,NaN,NaN,NaN,NaN,NaN,NaN,NaN,NaN,NaN,NaN,NaN,NaN,NaN,NaN,NaN,NaN,NaN,-0.20009,-0.1937,-0.14727,-0.080331,-0.033459,-0.032361,0.0049813,0.012203,-0.073144,-0.048262,0.0062286,0.090803,0.1824,0.15567
NaN,NaN,NaN,NaN,NaN,NaN,NaN,NaN,NaN,NaN,NaN,NaN,NaN,NaN,NaN,NaN,NaN,NaN,NaN,NaN,-0.099101,-0.084488,-0.046019,NaN,NaN,NaN,NaN,-0.068907,-0.085427,-0.01008,0.025561,0.084993
NaN,NaN,NaN,NaN,NaN,NaN,NaN,NaN,NaN,NaN,NaN,NaN,NaN,NaN,NaN,NaN,NaN,NaN,NaN,NaN,NaN,NaN,NaN,NaN,NaN,NaN,NaN,NaN,NaN,NaN,-0.029579,0.015909
NaN,NaN,NaN,NaN,NaN,NaN,NaN,NaN,NaN,NaN,NaN,NaN,NaN,NaN,NaN,NaN,NaN,NaN,NaN,NaN,NaN,NaN,NaN,NaN,NaN,NaN,NaN,NaN,NaN,NaN,NaN,-0.10223
NaN,NaN,NaN,NaN,NaN,NaN,NaN,NaN,NaN,NaN,NaN,NaN,NaN,NaN,NaN,NaN,NaN,NaN,NaN,NaN,NaN,NaN,NaN,NaN,NaN,NaN,NaN,NaN,NaN,NaN,NaN,NaN
NaN,NaN,NaN,NaN,NaN,NaN,NaN,NaN,NaN,NaN,NaN,NaN,NaN,NaN,NaN,NaN,NaN,NaN,NaN,NaN,NaN,NaN,NaN,NaN,NaN,NaN,NaN,NaN,NaN,NaN,NaN,NaN
NaN,NaN,NaN,NaN,NaN,NaN,NaN,NaN,NaN,NaN,NaN,NaN,NaN,NaN,NaN,NaN,NaN,NaN,NaN,NaN,NaN,NaN,NaN,NaN,NaN,NaN,NaN,NaN,NaN,NaN,NaN,NaN
NaN,NaN,NaN,NaN,NaN,NaN,NaN,NaN,NaN,NaN,NaN,NaN,NaN,NaN,NaN,NaN,NaN,NaN,NaN,NaN,NaN,NaN,NaN,NaN,NaN,NaN,NaN,NaN,NaN,NaN,NaN,NaN
NaN,NaN,NaN,NaN,NaN,NaN,NaN,NaN,NaN,NaN,NaN,NaN,NaN,NaN,NaN,NaN,NaN,NaN,NaN,NaN,NaN,NaN,NaN,NaN,NaN,NaN,NaN,NaN,NaN,NaN,NaN,NaN
NaN,NaN,NaN,NaN,NaN,NaN,NaN,NaN,NaN,NaN,NaN,NaN,NaN,NaN,NaN,NaN,NaN,NaN,NaN,NaN,NaN,NaN,NaN,NaN,NaN,NaN,NaN,NaN,NaN,NaN,NaN,NaN
NaN,NaN,NaN,NaN,NaN,NaN,NaN,NaN,NaN,NaN,NaN,NaN,NaN,NaN,NaN,NaN,NaN,NaN,NaN,NaN,NaN,NaN,NaN,NaN,NaN,NaN,NaN,NaN,NaN,NaN,NaN,NaN
NaN,NaN,NaN,NaN,NaN,NaN,NaN,NaN,NaN,NaN,NaN,NaN,NaN,NaN,NaN,NaN,-0.14483,NaN,NaN,NaN,NaN,NaN,NaN,NaN,NaN,NaN,NaN,NaN,NaN,NaN,NaN,0.25703
NaN,NaN,NaN,NaN,NaN,NaN,NaN,NaN,NaN,NaN,NaN,NaN,NaN,NaN,NaN,NaN,-0.088449,NaN,NaN,NaN,NaN,NaN,NaN,NaN,NaN,NaN,NaN,NaN,NaN,0.37602,0.34201,0.24442
NaN,NaN,0.0014936,-0.10365,NaN,NaN,NaN,NaN,NaN,NaN,NaN,NaN,NaN,NaN,NaN,NaN,NaN,NaN,NaN,NaN,NaN,NaN,NaN,NaN,NaN,NaN,0.25703,0.32154,0.3759,0.35978,0.25665,0.15805
NaN,NaN,NaN,-0.060184,-0.046805,0.10117,NaN,NaN,NaN,NaN,NaN,NaN,NaN,NaN,NaN,NaN,NaN,NaN,NaN,NaN,NaN,NaN,NaN,NaN,NaN,0.26765,0.28842,0.32168,0.34218,0.26879,0.12483,0.067276
NaN,NaN,NaN,NaN,NaN,0.23314,0.32518,0.26317,NaN,NaN,NaN,NaN,NaN,NaN,NaN,NaN,NaN,NaN,0.51579,0.51619,NaN,NaN,NaN,NaN,NaN,0.33964,0.32039,0.30926,0.2926,0.18607,0.028698,0.011789
NaN,NaN,NaN,NaN,NaN,NaN,0.38108,0.3275,NaN,NaN,NaN,NaN,NaN,NaN,NaN,NaN,NaN,0.54733,0.52283,0.51171,0.51218,0.48435,0.46888,0.46065,0.44715,0.39392,0.35949,0.35904,0.30311,0.14198,-0.00010175,0.020698
NaN,NaN,NaN,NaN,NaN,NaN,NaN,NaN,NaN,NaN,NaN,NaN,NaN,NaN,NaN,NaN,0.55321,0.48228,0.46615,0.465,0.48162,0.49399,0.50566,0.49043,0.47023,0.40448,0.37095,0.37406,0.31379,0.14277,0.032267,0.063659
NaN,NaN,NaN,NaN,NaN,NaN,NaN,NaN,NaN,0.47266,NaN,NaN,NaN,NaN,NaN,0.54505,0.48185,0.40002,0.41379,0.40867,0.44646,0.47349,0.48381,0.43122,0.43098,NaN,NaN,NaN,NaN,0.14072,0.15374,0.11409
NaN,NaN,NaN,NaN,NaN,NaN,NaN,NaN,NaN,0.41641,NaN,NaN,NaN,NaN,0.43304,0.42735,0.38192,0.3439,0.38126,0.36989,0.41769,0.45466,0.44749,0.37187,NaN,NaN,NaN,NaN,NaN,0.19786,0.21901,0.11235
0.13741,NaN,NaN,NaN,NaN,NaN,NaN,NaN,0.45007,0.41579,NaN,NaN,NaN,0.31459,0.32713,0.28573,0.28841,0.31198,0.34551,0.30055,0.34541,0.39142,0.39829,NaN,NaN,NaN,0.20053,0.14969,0.12113,0.19468,0.20394,0.11404
NaN,0.21252,NaN,NaN,NaN,NaN,NaN,NaN,0.50512,0.50042,NaN,0.41534,0.38926,0.33584,0.26889,0.22412,0.24878,0.29774,0.31863,0.28568,0.3186,0.37818,0.37485,0.33304,0.31831,0.24492,0.18347,0.12445,0.095883,0.15847,0.17526,0.13482
NaN,NaN,0.26056,NaN,NaN,NaN,NaN,NaN,0.54218,0.53531,0.52244,0.48495,0.45357,0.36485,0.26287,0.21416,0.23306,0.30161,0.32206,0.34322,0.36934,0.41187,0.42667,0.42301,0.3833,0.28698,0.18206,0.088435,0.06025,0.099069,0.12744,0.14058
NaN,NaN,0.33507,NaN,NaN,NaN,NaN,0.50333,0.57926,0.55317,0.52345,0.45324,0.3965,0.31719,0.24171,0.1764,0.18958,0.29304,0.37316,0.45028,0.48234,0.49142,0.46725,0.45493,0.4101,0.31203,0.20222,0.11829,0.081854,0.096092,0.12664,0.13397
NaN,NaN,0.33308,NaN,NaN,NaN,0.54985,0.55357,0.56773,0.51865,0.46844,0.39505,0.3403,0.29153,0.25461,0.20546,0.22265,0.33819,0.4548,0.56794,0.59,0.55861,0.49304,0.45831,0.41854,0.33114,0.25292,0.18107,0.12259,0.098288,0.1158,0.099577
NaN,NaN,NaN,0.23234,NaN,0.53601,0.58369,0.56105,0.52676,0.46534,0.43326,0.38778,0.33762,0.29545,0.29181,0.27439,0.29851,0.39916,0.51537,0.63082,0.6291,0.57186,0.49938,0.45537,0.4125,0.34673,0.28226,0.2289,0.1482,0.095886,0.10568,0.076761
NaN,NaN,NaN,0.33877,0.48101,0.58302,0.61151,0.55401,0.48061,0.4208,0.43463,0.42976,0.38738,0.32753,0.32135,0.32131,0.36382,0.45573,0.54014,0.61763,0.57993,0.53879,0.48795,0.43961,0.41426,0.36605,0.30143,0.2492,0.16223,0.10334,0.12355,0.078451
NaN,NaN,NaN,0.44647,0.56352,0.61221,0.60023,0.52758,0.46747,0.42194,0.45131,0.4582,0.42172,0.3397,0.30369,0.31108,0.36538,0.45249,0.50209,0.5252,0.49484,0.48981,0.46608,0.4219,0.41479,0.37789,0.30809,0.24054,0.15733,0.13906,0.17191,0.11893
NaN,NaN,NaN,0.43859,0.53875,0.56807,0.55146,0.50577,0.47067,0.42922,0.44646,0.44119,0.40564,0.33493,0.28657,0.27489,0.32118,0.40292,0.43302,0.43839,0.43372,0.44425,0.44171,0.42563,0.42839,0.39206,0.32375,0.25225,0.15193,0.15453,0.21101,0.17955
NaN,NaN,NaN,0.40882,0.50162,0.53154,0.52052,0.48203,0.42978,0.38317,0.40037,0.408,0.374,0.33371,0.28477,0.26647,0.31133,0.38529,0.40521,0.39984,0.40102,0.40976,0.42526,0.45256,0.46706,0.41642,0.34499,0.28289,0.15577,0.12282,0.19938,0.1911
NaN,NaN,NaN,0.3563,0.42476,0.47841,0.47656,0.43855,0.38101,0.34742,0.37619,0.39671,0.36603,0.30862,0.27491,0.28762,0.35173,0.41936,0.41394,0.38332,0.39392,0.41331,0.44353,0.4784,0.48992,0.43627,0.37072,0.31655,0.19479,0.13903,0.21567,0.22557
NaN,NaN,NaN,NaN,0.31541,0.38962,0.41156,0.39099,0.35514,0.34669,0.38537,0.41494,0.37167,0.28607,0.25387,0.33421,0.42423,0.45175,0.39611,0.32658,0.36258,0.41511,0.45358,0.4864,0.49907,0.44677,0.37867,0.33523,0.24338,0.16585,0.19708,0.2364
NaN,NaN,NaN,NaN,NaN,0.32691,0.34674,0.34041,0.35023,0.36423,0.39045,0.39661,0.35861,0.27513,0.25154,0.35247,0.44208,0.44254,0.33853,0.25049,0.29317,0.3767,0.43766,0.47688,0.49649,0.43601,0.35516,0.3237,0.2575,0.18213,0.19842,0.24775
NaN,NaN,NaN,NaN,NaN,NaN,NaN,0.2774,0.31409,0.35003,0.33608,0.33116,0.33003,0.28902,0.28452,0.36389,0.42976,0.4207,0.28201,0.20804,0.26966,0.37295,0.43917,0.48919,0.49465,0.41377,0.33082,0.31666,0.27372,0.19049,0.18899,0.26642
NaN,NaN,NaN,NaN,NaN,NaN,NaN,NaN,NaN,0.28249,0.25334,0.23666,0.27637,0.29873,0.32302,0.38069,0.42866,0.41004,0.28641,0.22439,0.28128,0.36489,0.42783,0.47711,0.48312,0.40793,0.32476,0.30783,0.26657,0.16673,0.14609,0.24226
NaN,NaN,NaN,NaN,NaN,NaN,NaN,NaN,NaN,NaN,NaN,0.18816,0.26058,0.34102,0.37041,0.39153,0.41622,0.40124,0.30817,0.24982,0.26561,0.31957,0.37249,0.42149,0.45367,0.40672,0.33519,0.32041,0.29203,0.1859,0.10447,0.17451
NaN,NaN,NaN,NaN,NaN,NaN,NaN,NaN,NaN,NaN,NaN,0.14254,0.21302,0.33857,0.38437,0.40128,0.41048,0.38996,0.3114,0.25365,0.24123,0.2597,0.28218,0.32447,0.39583,0.38865,0.33296,0.31259,0.30276,0.20173,0.094084,0.1408
NaN,NaN,NaN,NaN,NaN,NaN,NaN,NaN,0.20699,0.23423,0.25066,NaN,NaN,0.39933,0.41276,0.42542,0.41818,0.38831,0.32266,0.2415,0.1798,0.18376,0.19617,0.21391,0.31253,0.37417,0.35614,0.34223,0.33972,0.2511,0.10829,0.13023
NaN,NaN,NaN,NaN,NaN,NaN,NaN,0.30589,0.22893,0.26234,0.32991,0.44321,0.46981,0.43849,0.42133,0.42538,0.41037,0.37898,0.32208,0.2367,0.16352,0.15603,0.15945,0.15432,0.26606,0.37711,0.38115,0.36718,0.35163,0.25725,0.11754,0.11922
NaN,NaN,NaN,NaN,NaN,NaN,0.3354,0.31456,0.28132,0.33558,0.41716,0.51086,0.51504,0.46117,0.41947,0.41311,0.39885,0.37979,0.32179,0.27211,0.18845,0.13724,0.10766,0.11309,0.22387,0.35722,0.38724,0.3911,0.35138,0.29426,0.17476,0.13722
NaN,NaN,NaN,NaN,NaN,0.3343,0.38888,0.39952,0.40468,0.45726,0.51182,0.5591,0.5375,0.48731,0.43692,0.4291,0.4163,0.39971,0.37121,0.31358,0.22161,0.11965,0.035876,0.051738,0.17404,0.32735,0.37809,0.36899,0.33006,0.33857,0.25151,0.14212
NaN,NaN,NaN,NaN,NaN,0.32802,0.43543,0.48536,0.5196,0.54751,0.56171,0.56918,0.55071,0.51676,0.47966,0.45701,0.44329,0.45116,0.44932,0.38051,0.25055,0.098843,-0.016621,0.0051541,0.12416,0.27913,0.35248,0.32992,0.30358,0.3641,0.29504,0.15564
NaN,NaN,NaN,NaN,0.21505,0.32613,0.45251,0.528,0.58033,0.60174,0.59345,0.56278,0.52662,0.51253,0.48611,0.46914,0.4778,0.50842,0.51512,0.44211,0.27804,0.082836,-0.026043,-0.013822,0.087137,0.21721,0.31179,0.3015,0.26205,0.30937,0.26265,0.14669
NaN,NaN,NaN,NaN,NaN,0.34777,0.43761,0.51914,0.60308,0.64189,0.62803,0.59009,0.54578,0.50802,0.47224,0.46608,0.50269,0.54382,0.55682,0.49583,0.34307,0.12546,-0.0051849,-0.0054885,0.065804,0.17139,0.26302,0.28444,0.24982,0.2534,0.19582,0.15206
NaN,NaN,NaN,NaN,NaN,NaN,0.3653,0.45348,0.58137,0.63096,0.61908,0.58746,0.56724,0.49717,0.43479,0.45568,0.50809,0.56583,0.5786,0.52636,0.40504,0.20538,0.028765,0.0029956,0.058444,0.12085,0.19957,0.24708,0.26675,0.23879,0.14254,0.15241
NaN,NaN,NaN,NaN,NaN,NaN,NaN,NaN,0.5282,0.56565,0.56181,0.55448,0.55916,0.48537,0.40175,0.4421,0.50354,0.56709,0.57876,0.54179,0.45448,0.28977,0.091011,0.015646,0.057258,0.08539,0.10917,0.16414,0.21456,0.21173,0.1328,0.15388
NaN,NaN,NaN,NaN,NaN,NaN,NaN,NaN,0.48136,0.51885,0.50463,0.50107,0.52597,NaN,0.42195,0.43027,0.47162,0.52781,0.55855,0.5431,0.49952,0.4109,0.19217,0.051437,0.05869,0.032895,0.016326,0.054395,0.12678,0.17388,0.1589,0.16672
NaN,NaN,NaN,NaN,NaN,NaN,NaN,NaN,NaN,NaN,0.47097,NaN,0.46158,0.47023,NaN,NaN,0.43504,0.47604,0.52177,0.53302,0.51159,0.46149,0.2809,0.11184,0.058745,0.0094261,-0.045283,-0.041631,0.019805,0.11346,0.15373,0.13442
NaN,NaN,NaN,NaN,NaN,NaN,NaN,NaN,NaN,0.46575,0.45611,0.43664,NaN,NaN,0.47898,NaN,NaN,0.44027,0.46524,0.51356,0.52324,0.4906,0.34849,0.1546,0.071728,0.027702,-0.065406,-0.11307,-0.086512,0.010779,0.12435,0.10622
NaN,NaN,NaN,NaN,NaN,NaN,NaN,NaN,NaN,NaN,0.45688,0.46276,0.49459,NaN,NaN,NaN,NaN,NaN,0.47728,0.5145,0.52972,0.52179,0.41459,0.22931,0.12421,0.076427,-0.038531,-0.1297,-0.18332,-0.12652,-0.0368,-0.028313
NaN,NaN,NaN,NaN,NaN,NaN,NaN,NaN,NaN,NaN,NaN,0.53642,0.57012,0.60252,0.59155,0.54525,0.50803,NaN,NaN,0.49476,0.51172,0.55079,0.49563,0.33736,0.18899,0.12573,-0.0001101,-0.15001,-0.24014,-0.26257,-0.24744,-0.21685
NaN,NaN,NaN,NaN,NaN,0.232,0.10926,NaN,NaN,NaN,NaN,0.56074,0.60086,0.62901,0.59477,0.53633,0.49709,0.49369,0.51079,NaN,0.50686,0.56117,0.55493,0.41025,0.24937,0.12977,0.007709,-0.12385,-0.20696,-0.28872,-0.34102,-0.26035
NaN,NaN,NaN,NaN,NaN,0.13713,0.20882,0.2448,NaN,NaN,0.56435,0.61525,0.63229,0.63579,0.56501,0.51324,0.45103,0.45011,0.48937,0.49226,0.51232,0.55364,0.5636,0.41486,0.23868,0.082366,-0.019414,-0.07093,-0.12852,-0.24388,-0.25912,-0.19174
NaN,NaN,NaN,NaN,NaN,0.018393,0.20477,0.31062,0.37995,0.47793,0.59681,0.63709,0.62024,0.57592,0.45208,NaN,NaN,0.40669,0.44352,0.47322,0.53036,0.55436,0.57195,0.42201,0.24303,0.083434,0.00402,-0.012421,-0.059603,-0.17285,-0.15199,-0.1062
NaN,NaN,NaN,NaN,NaN,0.054404,0.29478,0.39169,0.46375,0.54397,0.62461,0.60884,0.47888,0.31368,NaN,NaN,NaN,NaN,0.3884,0.42727,0.52408,0.55711,0.60317,0.49032,0.34003,0.18571,0.080602,0.059413,0.021805,-0.078996,-0.087041,-0.1152
NaN,NaN,NaN,NaN,0.0026121,0.20927,0.39431,0.41227,0.41229,0.47064,0.56321,0.52141,0.30579,0.092298,NaN,NaN,NaN,NaN,0.32616,0.384,0.49453,0.56341,0.61832,0.55797,0.44526,0.28615,0.11912,0.14842,NaN,NaN,NaN,-0.099891
NaN,NaN,NaN,NaN,0.20029,0.31678,0.37546,0.36162,0.32813,0.37049,0.47439,0.41292,0.23735,NaN,NaN,NaN,NaN,NaN,0.23533,0.32962,0.48863,0.58742,0.6312,0.58956,0.50518,0.33147,0.085053,NaN,NaN,NaN,NaN,NaN
NaN,NaN,NaN,0.1076,0.23344,0.28486,0.27715,0.28469,0.3084,0.30564,0.33294,0.22608,0.091205,NaN,0.050712,NaN,0.11868,0.18663,0.18983,0.31136,0.5077,0.61591,0.6341,0.59944,0.52104,0.3452,0.063291,NaN,NaN,NaN,NaN,NaN
NaN,NaN,-0.18227,0.096401,0.28226,0.25386,0.21415,0.22628,0.3038,0.25753,0.1614,0.059283,0.015445,0.014983,0.019611,-7.4576e-05,0.079597,NaN,0.22887,0.33025,0.50218,0.62051,0.63034,0.57807,0.49823,0.34666,NaN,NaN,NaN,NaN,NaN,NaN
-0.1435,-0.03715,0.027227,0.31954,0.35014,0.27347,0.24494,0.25868,0.24507,0.18578,0.054699,-0.016629,-0.0073796,0.053614,-0.0089541,-0.023722,0.12434,NaN,0.28367,0.3331,0.48341,0.61212,0.61657,0.53923,0.45853,0.32193,NaN,NaN,NaN,NaN,NaN,NaN
0.040695,0.16924,0.33032,0.40035,0.35755,0.32853,0.32719,0.27884,0.19361,0.13211,0.042782,-0.0035119,0.00082977,0.10795,0.08611,0.13236,0.21958,0.29066,0.30633,0.33785,0.47886,0.60659,0.59967,0.49211,0.39336,NaN,NaN,NaN,NaN,NaN,NaN,NaN
0.28027,0.36127,0.41957,0.37404,0.32741,0.33604,0.35077,0.27762,0.15629,0.11668,0.09133,NaN,NaN,0.27113,0.34744,0.31832,0.25929,0.25907,0.29905,0.3433,0.46961,0.58775,0.58015,0.48223,NaN,NaN,NaN,NaN,NaN,NaN,NaN,NaN
0.33474,0.38035,0.39942,0.36565,0.32645,0.3167,0.30242,0.22836,0.15573,0.16494,0.22521,0.2717,0.30244,0.34551,0.33735,0.255,0.15395,0.15934,0.25188,0.3365,0.45167,0.56108,0.57362,0.52941,NaN,NaN,NaN,NaN,NaN,NaN,NaN,NaN
0.39128,0.39402,0.39447,0.36519,0.33395,0.30844,0.26845,0.19587,0.15223,0.21436,0.30916,0.34602,0.3241,0.28995,0.21054,0.12632,0.063101,0.0787,0.18232,0.28439,0.4071,0.52019,0.54501,0.51031,NaN,NaN,NaN,NaN,NaN,NaN,NaN,NaN
0.45217,0.4213,0.38757,0.34798,0.32589,0.31972,0.27334,0.20378,0.17521,0.26722,0.36089,0.38007,0.34076,0.26327,0.10375,-0.03104,-0.048076,0.024752,0.11807,0.23381,0.36326,0.47638,NaN,NaN,NaN,NaN,NaN,NaN,NaN,NaN,NaN,NaN
0.45943,0.44388,0.40008,0.34904,0.3626,0.36753,0.30332,0.21673,0.17655,0.26383,0.34986,0.37971,0.37621,0.30112,0.13477,-0.072807,NaN,NaN,0.068778,0.19691,0.309,0.39498,NaN,NaN,NaN,NaN,NaN,NaN,NaN,NaN,NaN,NaN
0.48972,0.47494,0.4159,0.36839,0.37575,0.36167,0.29529,0.21946,0.2269,0.29681,0.33271,0.34415,0.34926,0.3125,0.18885,-0.018445,-0.14716,-0.076925,0.042243,0.16151,0.26003,0.3362,NaN,NaN,NaN,NaN,NaN,NaN,NaN,NaN,NaN,NaN
0.45607,0.45828,0.40313,0.37291,0.37909,0.31776,0.23707,0.21022,0.29371,0.35199,0.35965,0.31245,0.31842,0.3085,0.24934,0.096587,-0.093718,NaN,NaN,0.084069,0.20822,0.3151,0.36747,0.39431,NaN,NaN,NaN,NaN,NaN,NaN,NaN,NaN
0.42532,0.4356,0.39472,0.38167,0.37631,0.26331,0.17737,0.22836,0.3776,0.42908,0.39436,0.32226,0.3144,0.29105,0.24477,0.11646,-0.015217,NaN,NaN,NaN,0.19783,0.31783,0.41581,0.44448,0.38646,NaN,NaN,NaN,NaN,NaN,NaN,NaN
0.4389,0.4096,0.36354,0.37209,0.37895,0.2377,0.15643,0.28424,0.44215,0.45372,0.42488,0.38419,0.34313,0.28769,0.20758,0.1025,0.070337,NaN,NaN,NaN,0.2321,0.35205,0.46402,0.49374,0.40062,NaN,NaN,NaN,NaN,NaN,NaN,NaN
0.40288,0.37865,0.32183,0.33221,0.32973,0.18646,0.12826,0.31323,0.46372,0.46477,0.43236,0.40026,0.35182,0.27053,0.16894,0.080537,0.092295,0.21453,NaN,NaN,NaN,0.34827,NaN,NaN,NaN,NaN,NaN,NaN,NaN,NaN,NaN,NaN
0.31826,0.3437,0.31278,0.27733,0.25648,0.13414,0.10908,0.3106,0.45288,0.45926,0.44103,0.40009,0.33971,0.24466,0.11856,0.037236,0.066391,0.2242,NaN,NaN,0.26375,0.34208,0.39544,0.43883,NaN,NaN,NaN,NaN,NaN,NaN,NaN,NaN
0.25692,0.31014,0.28529,0.21664,0.18393,0.11217,0.1245,0.31977,0.43627,0.45391,0.44887,0.40539,0.32985,0.205,0.0448,-0.03169,0.01645,0.16727,0.29789,NaN,0.26192,0.29976,0.35591,0.41543,0.4584,0.46606,NaN,NaN,NaN,NaN,NaN,NaN
0.261,0.30594,0.28073,0.19088,0.14879,0.11755,0.15786,0.3274,0.43449,0.4434,0.44615,0.40647,0.3205,0.19377,0.033429,-0.057791,0.0082296,0.12589,0.27193,0.32135,NaN,0.25206,0.32345,0.37218,0.40599,0.44984,NaN,NaN,NaN,NaN,NaN,NaN
0.25627,0.28774,0.26096,0.17782,0.12386,0.095093,0.16444,0.31993,0.40586,0.4148,0.43048,0.39644,0.31855,0.19191,0.035678,-0.057413,0.0048362,0.10608,0.24773,0.32137,0.30273,0.29387,0.33898,0.34894,0.34262,0.39352,0.41903,0.28142,NaN,NaN,NaN,NaN
0.26068,0.24316,0.21265,0.15173,0.073845,0.066092,0.17581,0.29188,0.34441,0.34907,0.3708,0.34638,0.29773,0.2159,0.066192,-0.0072747,0.00692,0.083193,0.22756,0.30132,0.33921,0.36828,0.35401,0.29162,0.27436,0.33804,0.41831,0.40443,0.37165,NaN,NaN,NaN
0.28388,0.19755,0.17165,0.13823,0.035023,0.055192,0.19291,0.28093,0.27448,0.25751,0.28351,0.26232,0.27611,0.26106,0.16143,0.090657,0.090142,0.04666,0.17167,0.25993,0.3356,0.39676,0.34202,0.23474,0.20672,0.29336,0.40372,0.42824,0.39148,0.36357,0.43123,0.52929
0.28862,0.17208,0.14987,0.12678,0.031039,0.069763,0.21392,0.28508,0.24292,0.19605,0.21602,0.18885,0.22256,0.29787,0.28061,0.28584,0.25518,0.13219,0.092063,0.17734,0.26536,0.33331,0.30222,0.21433,0.19363,0.25745,0.37707,0.45238,0.4257,0.39297,0.42602,0.5045
0.26935,0.14572,0.12859,0.1085,0.046212,0.098025,0.23323,0.29233,0.23526,0.15345,0.15479,0.12291,0.17136,0.3017,0.3624,0.37759,0.39569,0.30724,0.1161,0.08145,0.14833,0.2125,0.23991,0.20607,0.18524,0.22994,0.35475,0.46768,0.48008,0.42882,0.42504,0.45065
0.21754,0.09176,0.048882,0.033121,0.043842,0.12823,0.24039,0.27582,0.18927,0.10297,0.058185,0.040834,0.15463,0.30931,0.39081,0.45502,0.48141,0.42962,0.2341,0.032934,0.05562,0.15575,0.21448,0.20447,0.18527,0.23856,0.36558,0.46779,0.49125,0.43353,0.42251,0.43216
0.17857,0.073624,0.0076212,0.0045858,0.084962,0.18597,0.26194,0.25872,0.15659,0.071058,-0.018665,-0.017386,0.15383,0.31365,0.40541,0.48573,0.52039,0.49373,0.36818,0.086666,-0.029971,0.087269,0.17854,0.18977,0.22613,0.294,0.36899,0.43726,0.47776,0.47733,0.50306,0.50896
0.15292,0.083168,0.035186,0.045944,0.12278,0.21793,0.2808,0.24634,0.13708,0.086889,0.0052681,-0.016092,0.13327,0.27528,0.38557,0.49399,0.54046,0.54244,0.45664,0.25019,0.027071,0.072643,0.15767,0.19734,0.26092,0.31836,0.34047,0.36611,0.41157,0.44056,0.50107,0.53958
0.15238,0.11313,0.12425,0.12784,0.15715,0.2238,0.26885,0.22551,0.14423,0.12695,0.071088,0.042764,0.17412,0.28835,0.39538,0.50335,0.56729,0.58545,0.53987,0.39664,0.12139,0.013788,0.12225,0.19592,0.26272,0.31619,0.31428,0.31203,0.3925,0.43702,0.4717,0.51714
0.16986,0.14038,0.16431,0.17018,0.19008,0.22902,0.25541,0.2149,0.17015,0.19157,0.1738,0.17728,0.27154,0.37851,0.45207,0.52781,0.58804,0.62467,0.59453,0.46237,0.16988,0.0068414,0.11351,0.17486,0.25424,0.33707,0.36644,0.36935,0.4341,0.465,0.43533,0.44221
0.19616,0.15874,0.1725,0.18133,0.20313,0.23657,0.24619,0.19605,0.18753,0.26081,0.29493,0.28444,0.3738,0.47284,0.50072,0.54653,0.60561,0.65129,0.63628,0.50684,0.25788,0.021593,0.039137,0.096085,0.18504,0.28693,0.35823,0.41672,0.46932,0.45883,0.37335,0.33943
0.17482,0.13961,0.16069,0.19313,0.2286,0.26987,0.24857,0.17579,0.18601,0.28325,0.33598,0.35034,0.44184,0.53575,0.54424,0.56759,0.61803,0.66747,0.66309,0.55509,0.37865,0.084424,0.025604,0.085668,0.18183,0.2718,0.3368,0.41248,0.46319,0.44856,0.37505,0.37542
0.08287,0.065612,0.14177,0.22236,0.26321,0.29139,0.23466,0.17719,0.20776,0.28297,0.34657,0.4103,0.50617,0.5757,0.59642,0.6127,0.64425,0.67703,0.69126,0.62966,0.49286,0.18068,0.043467,0.11319,0.20127,0.26827,0.31382,0.3741,0.40218,0.38874,0.36474,0.39599
0.096797,0.086983,0.1887,0.27634,0.28171,0.29056,0.2401,0.22394,0.26777,0.30618,0.35002,0.42688,0.5268,0.59432,0.63182,0.65021,0.67186,0.69963,0.7155,0.67558,0.56474,0.29606,0.012336,0.085429,0.17823,0.2578,0.29588,0.34286,0.35658,0.35854,0.35812,0.38973
0.14763,0.14271,0.23555,0.29163,0.2892,0.28657,0.25838,0.27863,0.31515,0.34225,0.36302,0.42943,0.53339,0.60199,0.64649,0.67059,0.69318,0.72544,0.75054,0.72889,0.64488,0.32668,-0.058431,0.022153,0.15745,0.23827,0.27368,0.29333,0.30341,0.31069,0.3392,0.37407
0.19884,0.2056,0.27108,0.27725,0.2774,0.28595,0.26569,0.29257,0.33007,0.36818,0.39883,0.45694,0.54778,0.61554,0.65671,0.67706,0.69958,0.74381,0.77678,0.75463,0.67875,0.40185,-0.074651,-0.013283,0.13726,0.21648,0.23923,0.23457,0.25101,0.28528,0.32306,0.37565
0.26853,0.2534,0.2711,0.25565,0.26643,0.2801,0.26256,0.29201,0.33222,0.38793,0.4435,0.49006,0.56675,0.63422,0.66317,0.67426,0.69847,0.74925,0.78364,0.75312,0.67603,0.45856,-0.0093436,-0.064075,0.11996,0.20192,0.2182,0.21932,0.23258,0.26263,0.2965,0.36137
0.31616,0.2822,0.27742,0.25956,0.28078,0.26749,0.27602,0.30524,0.34105,0.42055,0.48587,0.52284,0.58434,0.64887,0.6669,0.6719,0.69449,0.74511,0.77764,0.73635,0.66408,0.49445,0.12597,-0.12574,0.058393,0.15924,0.20019,0.22702,0.22449,0.22692,0.2291,0.29202
0.3577,0.33462,0.3272,0.30523,0.29332,0.25105,0.28992,0.32979,0.36714,0.45127,0.52048,0.54906,0.60527,0.6586,0.66684,0.66688,0.68795,0.73553,0.77211,0.73528,0.64914,0.55092,0.29211,-0.147,-0.022481,0.11192,0.19345,0.23976,0.23848,0.22886,0.20998,0.21298
0.40937,0.39464,0.37946,0.34567,0.30393,0.24944,0.31535,0.3543,0.39788,0.47195,0.54186,0.57287,0.63108,0.66464,0.66071,0.65408,0.6707,0.71994,0.76304,0.74019,0.67176,0.60581,0.42613,-0.068866,-0.096575,0.060438,0.18129,0.25674,0.26023,0.26341,0.25462,0.23852
0.45874,0.44184,0.4164,0.35832,0.29756,0.2707,0.36148,0.39664,0.4307,0.48683,0.54914,0.59696,0.65102,0.67766,0.66227,0.64615,0.65578,0.70206,0.74925,0.74318,0.67926,0.63744,0.51003,0.021329,-0.14026,0.0096739,0.13991,0.24813,0.2871,0.2971,0.28874,0.29043
0.48162,0.46119,0.44893,0.37023,0.28411,0.31171,0.41397,0.45435,0.4495,0.48345,0.52853,0.60082,0.65916,0.68467,0.66308,0.63764,0.64652,0.69176,0.74219,0.73705,0.69388,0.65946,0.55781,0.16794,-0.1399,0.00037338,0.13629,0.26555,0.3057,0.30591,0.29892,0.29366
0.4994,0.46293,0.44333,0.36881,0.32429,0.38232,0.4804,0.48925,0.4651,0.46079,0.4913,0.56999,0.65217,0.68277,0.6615,0.63535,0.64453,0.6891,0.73956,0.73555,0.70397,0.67027,0.60284,0.29647,-0.11657,-0.0012598,0.14316,0.26781,0.29889,0.28271,0.27989,0.27646
0.53058,0.455,0.38579,0.31201,0.33316,0.44689,0.53458,0.52424,0.47642,0.45018,0.46887,0.55767,0.64333,0.67917,0.65726,0.63365,0.64459,0.68712,0.7357,0.73341,0.71405,0.67907,0.62186,0.39941,-0.054362,0.0224,0.16889,0.2601,0.29691,0.29388,0.31242,0.31048
0.51623,0.42002,0.31207,0.23744,0.32083,0.48549,0.57316,0.56839,0.52124,0.46868,0.47767,0.57588,0.64827,0.67313,0.65243,0.6328,0.64188,0.68463,0.7323,0.73421,0.73394,0.71047,0.66722,0.47867,-0.0037109,0.011768,0.17509,0.2562,0.30684,0.32992,0.35211,0.35099
0.47027,0.38092,0.25571,0.19158,0.32019,0.49568,0.58542,0.58685,0.53829,0.48723,0.50294,0.59667,0.65092,0.66097,0.63854,0.62051,0.63294,0.67744,0.72831,0.74815,0.76439,0.75379,0.71629,0.55424,0.050896,-0.04356,0.17136,0.27295,0.32218,0.3471,0.32115,0.30232
0.43403,0.34404,0.23555,0.1822,0.31281,0.49681,0.57231,0.55359,0.51468,0.48566,0.51403,0.61039,0.66126,0.65587,0.62741,0.60514,0.61838,0.66298,0.7264,0.7645,0.79175,0.79232,0.75196,0.61132,0.18177,-0.082281,0.14151,0.26977,0.30457,0.29818,0.2525,0.24667
0.42307,0.33727,0.26894,0.23039,0.33222,0.50664,0.56672,0.55097,0.51769,0.51273,0.55757,0.63333,0.66791,0.66051,0.62698,0.59537,0.60548,0.65059,0.72884,0.78439,0.81367,0.81272,0.78512,0.66941,0.33399,-0.067808,0.1004,0.25372,0.31672,0.31361,0.2478,0.2367
0.43996,0.31063,0.22467,0.25399,0.38658,0.54117,0.57552,0.55289,0.53598,0.52331,0.56833,0.6389,0.67056,0.66934,0.6301,0.58812,0.59359,0.64308,0.73001,0.78809,0.81548,0.81261,0.78686,0.70202,0.43287,-0.075187,0.045291,0.23742,0.32468,0.34093,0.28284,0.27032
0.39772,0.21819,0.11654,0.24095,0.4663,0.59361,0.59399,0.54391,0.4956,0.51579,0.59996,0.66447,0.68114,0.67842,0.63751,0.58818,0.58704,0.63408,0.72532,0.78596,0.80781,0.81254,0.80117,0.72649,0.50071,-0.0022977,0.0039463,0.209,0.32118,0.37657,0.34179,0.32969
0.31541,0.11314,0.025316,0.27438,0.53157,0.6092,0.58036,0.51564,0.47458,0.50876,0.62264,0.69031,0.68673,0.67942,0.63937,0.5963,0.58843,0.63153,0.71854,0.77973,0.80582,0.81548,0.81243,0.73807,0.54005,0.085131,0.0020976,0.18849,0.30594,0.37417,0.35118,0.34966
0.25497,0.029164,0.0091325,0.37627,0.58425,0.62835,0.58612,0.52071,0.47472,0.5185,0.64797,0.71836,0.69978,0.68655,0.65138,0.60807,0.59666,0.63745,0.71748,0.78147,0.80777,0.81663,0.81107,0.75158,0.58263,0.21649,0.0037586,0.1626,0.26588,0.33634,0.35088,0.35961
0.18918,-0.0099404,0.10712,0.49244,0.62217,0.64269,0.60294,0.54951,0.49866,0.55806,0.66773,0.72952,0.7136,0.69949,0.66556,0.62133,0.60759,0.64321,0.71776,0.78524,0.80286,0.81204,0.80828,0.76142,0.62314,0.3073,-0.014552,0.12774,0.24666,0.32429,0.36507,0.36263
0.14054,-0.0060039,0.25181,0.56922,0.65354,0.66503,0.62427,0.57334,0.53975,0.60309,0.69959,0.74486,0.72889,0.71402,0.67182,0.63219,0.62039,0.64684,0.71005,0.77309,0.79248,0.79967,0.80352,0.77448,0.64437,0.33994,-0.054422,0.081304,0.26193,0.36048,0.39929,0.36616
0.06596,0.020662,0.3661,0.61012,0.67178,0.67411,0.63281,0.58866,0.5635,0.63028,0.72822,0.76965,0.74431,0.71858,0.67201,0.63326,0.61863,0.63692,0.6921,0.75154,0.77217,0.78723,0.80205,0.78533,0.66138,0.35965,-0.10604,0.0084189,0.27989,0.40874,0.43062,0.36408
0.009917,0.089488,0.42596,0.62477,0.68028,0.67063,0.63728,0.59856,0.58466,0.64156,0.73208,0.78136,0.75039,0.707,0.66171,0.62003,0.59713,0.60638,0.66467,0.72744,0.76255,0.78493,0.80226,0.78619,0.68164,0.39975,-0.091418,-0.068687,0.25711,0.41656,0.44448,0.3512
0.026021,0.17636,0.46713,0.64769,0.67817,0.65017,0.6268,0.60218,0.59357,0.64335,0.72916,0.77483,0.74764,0.68961,0.64492,0.59964,0.57006,0.57712,0.64587,0.72241,0.77061,0.79243,0.802,0.78833,0.69328,0.46059,0.014305,-0.17451,0.16714,0.39084,0.4517,0.35113
0.10223,0.30885,0.52587,0.65358,0.67652,0.6406,0.61854,0.59512,0.59126,0.65264,0.73584,0.77573,0.74035,0.67381,0.62242,0.58085,0.56362,0.58372,0.66078,0.73957,0.78315,0.78937,0.78922,0.77678,0.70068,0.499,0.12138,-0.21339,0.099257,0.34172,0.43904,0.35906
0.22589,0.41124,0.57217,0.6643,0.667,0.62749,0.59926,0.58423,0.59122,0.65991,0.74627,0.76963,0.72642,0.66785,0.61351,0.57722,0.58409,0.62274,0.67404,0.73321,0.77593,0.78038,0.77606,0.76466,0.72526,0.59159,0.26831,-0.19731,0.025001,0.24413,0.37926,0.35101
0.33381,0.47926,0.60919,0.67457,0.64996,0.6117,0.5876,0.57815,0.59102,0.65022,0.72179,0.73924,0.71369,0.67782,0.62765,0.59308,0.60632,0.63884,0.66356,0.71054,0.75637,0.76791,0.75954,0.74348,0.71889,0.62435,0.33612,-0.15792,0.020168,0.21515,0.34868,0.33201
0.40101,0.53231,0.62176,0.66127,0.63609,0.61201,0.60081,0.60569,0.6301,0.66494,0.68613,0.69353,0.70317,0.68049,0.63802,0.6017,0.60243,0.62418,0.64078,0.6892,0.74204,0.7601,0.74967,0.72836,0.71683,0.65101,0.40279,-0.10916,-0.020972,0.19322,0.31411,0.31535
0.47265,0.57116,0.62397,0.64319,0.6255,0.60994,0.59924,0.61386,0.64646,0.66969,0.66153,0.6633,0.69224,0.67289,0.63191,0.59055,0.58387,0.59863,0.62446,0.68017,0.72877,0.75058,0.73641,0.71188,0.69954,0.6415,0.44131,0.0036993,-0.0023605,0.1928,0.29838,0.30293
0.56236,0.61254,0.62839,0.62789,0.62359,0.61783,0.60894,0.6184,0.65006,0.66636,0.65128,0.65508,0.68087,0.66967,0.61977,0.57531,0.56371,0.58363,0.62736,0.67471,0.72342,0.73844,0.71806,0.69134,0.6709,0.61103,0.4607,0.11832,0.026714,0.21776,0.29839,0.29607
0.62723,0.64445,0.63627,0.62517,0.62284,0.62947,0.6274,0.62792,0.63611,0.65669,0.64021,0.64968,0.67795,0.67684,0.61959,0.56949,0.55346,0.57628,0.6194,0.66511,0.71086,0.72361,0.69945,0.67561,0.65115,0.59874,0.48164,0.2032,0.040031,0.21902,0.29087,0.27818
0.6509,0.64784,0.61806,0.5987,0.59309,0.61479,0.6399,0.64052,0.63923,0.6665,0.64609,0.65088,0.67606,0.67941,0.61744,0.56842,0.55399,0.56661,0.60108,0.65638,0.70541,0.70996,0.67885,0.65257,0.62852,0.58632,0.48809,0.2644,0.081594,0.23505,0.30196,0.26439
0.62454,0.61424,0.58086,0.57038,0.57309,0.5984,0.62524,0.62049,0.62061,0.66379,0.65589,0.65677,0.68963,0.67969,0.60797,0.56187,0.55136,0.5561,0.58445,0.64774,0.69711,0.69148,0.65389,0.62746,0.6128,0.58198,0.49833,0.31694,0.14009,0.26663,0.32437,0.26491
0.57142,0.57841,0.56562,0.56174,0.55558,0.5689,0.5907,0.60217,0.60539,0.64448,0.63741,0.64389,0.68467,0.67809,0.59795,0.55368,0.54916,0.553,0.57536,0.63805,0.6823,0.66982,0.62988,0.59728,0.59279,0.5816,0.50982,0.36306,0.18078,0.24272,0.32767,0.28368
0.54162,0.55912,0.56391,0.57493,0.56429,0.5551,0.57066,0.59873,0.6085,0.62219,0.60638,0.61576,0.65421,0.65776,0.58791,0.54718,0.54407,0.55267,0.57252,0.63258,0.66865,0.64719,0.6038,0.56743,0.57154,0.57742,0.53125,0.40705,0.21057,0.2138,0.3132,0.32575
0.54731,0.55311,0.5764,0.61897,0.61679,0.59248,0.58753,0.62069,0.6367,0.6029,0.58919,0.59944,0.61447,0.60309,0.54415,0.52485,0.53646,0.54762,0.56811,0.61796,0.65269,0.62251,0.57897,0.54329,0.55134,0.57103,0.54261,0.43888,0.21242,0.17796,0.28083,0.33177
0.56129,0.55452,0.58406,0.65554,0.67193,0.64293,0.62055,0.63857,0.63757,0.58189,0.58674,0.60667,0.59615,0.56172,0.49358,0.49494,0.52167,0.53521,0.55315,0.60049,0.63545,0.60019,0.55098,0.52002,0.53642,0.55809,0.53957,0.44193,0.21019,0.16312,0.25805,0.31758
0.55496,0.5435,0.56704,0.64981,0.69776,0.68057,0.63381,0.6112,0.59493,0.55779,0.5758,0.60136,0.59351,0.54408,0.47019,0.47693,0.50906,0.51937,0.53808,0.58104,0.60608,0.57066,0.52463,0.49945,0.52167,0.5415,0.51811,0.451,0.24515,0.15873,0.22829,0.30895
NaN,0.53762,0.53239,0.60182,0.67268,0.68186,0.61806,0.55762,0.53561,0.5335,0.56615,0.5772,0.57739,0.5271,0.44748,0.45853,0.48621,0.49647,0.51901,0.56427,0.58527,0.54603,0.50299,0.48375,0.50316,0.51688,0.49265,0.44012,0.25742,0.13319,0.18441,0.2925
NaN,NaN,0.45745,0.5068,0.57063,0.60962,0.58089,0.55106,0.55299,0.55968,0.57179,0.55026,0.55562,0.5072,0.42996,0.4427,0.46374,0.47246,0.50472,0.56382,0.57999,0.53308,0.48964,0.46882,0.48055,0.4874,0.46055,0.38302,0.20988,0.041406,0.12617,0.29498
NaN,NaN,0.36953,0.41589,0.4385,0.50748,0.57375,0.60742,0.60084,0.57787,0.55464,0.52108,0.53153,0.49063,0.41911,0.43035,0.4501,0.45425,0.49098,0.5564,0.56634,0.51522,0.47742,0.46076,0.45155,0.46052,0.43874,0.35556,0.18377,0.0081099,0.092419,0.29265
NaN,NaN,NaN,0.34249,0.37558,0.45946,0.5641,0.62457,0.6058,0.55642,0.5218,0.50005,0.50772,0.46197,0.40006,0.41945,0.44039,0.44516,0.47781,0.54087,0.54741,0.49072,0.47035,0.44813,0.43018,0.44056,0.42434,0.35912,0.20579,-0.000297,0.086305,0.28947
NaN,NaN,NaN,NaN,0.40378,0.45417,0.51752,0.55572,0.56036,0.51975,0.50262,0.48255,0.48174,0.42153,0.36433,0.39816,0.42698,0.43461,0.46602,0.52563,0.52097,0.47091,0.45428,0.43576,0.40628,0.41958,0.41224,0.36057,0.22741,0.037815,0.089761,0.29837
NaN,NaN,NaN,NaN,NaN,NaN,0.45992,0.48041,0.51378,0.50372,0.49307,0.47864,0.4726,0.39722,0.32208,0.36382,0.4016,0.40909,0.43912,0.49073,0.4914,0.45522,0.44466,0.42036,0.39306,0.39914,0.39335,0.33208,0.20569,0.061684,0.10944,0.30302
NaN,NaN,NaN,NaN,NaN,NaN,0.42515,0.44352,0.53202,0.54187,0.5178,0.49921,0.48042,0.39208,0.29776,0.327,0.36624,0.38101,0.41299,0.45777,0.46366,0.4552,0.44314,0.40243,0.37605,0.38399,0.37621,0.30141,0.18298,0.064344,0.10578,0.28886
NaN,NaN,NaN,NaN,NaN,NaN,NaN,0.42286,0.52025,0.52694,0.5193,0.51556,0.49253,0.40488,0.28353,0.29839,0.33459,0.35307,0.38621,0.43037,0.45697,0.45802,0.43972,0.39304,0.36513,0.37791,0.37978,0.3081,0.19317,0.077492,0.086265,0.23286
NaN,NaN,NaN,NaN,NaN,NaN,NaN,0.40756,0.44733,0.45947,0.50434,0.54169,0.52698,0.44072,0.28553,0.27681,0.31539,0.33309,0.35511,0.41164,0.45496,0.46296,0.43594,0.39064,0.3538,0.3662,0.38294,0.32837,0.22038,0.090824,0.042293,0.16047
NaN,NaN,NaN,-0.16719,-0.21934,NaN,NaN,NaN,0.44936,0.46145,0.5136,0.56471,0.56616,0.49084,0.29312,0.26436,0.29843,0.30678,0.31622,0.38692,0.45204,0.45362,0.43157,0.40806,0.35007,0.3445,0.36866,0.3384,0.25882,0.15003,0.068855,0.13801
NaN,0.055042,-0.048997,-0.16661,-0.18716,-0.064297,NaN,NaN,0.4489,0.4805,0.53786,0.58137,0.59192,0.54962,0.30873,0.23785,0.26712,0.269,0.26681,0.34421,0.4118,0.40964,0.42772,0.43423,0.37257,0.33474,0.34568,0.33824,0.29937,0.21095,0.14757,0.17958
-0.060203,-0.060487,-0.081976,-0.089302,-0.063624,0.073502,NaN,NaN,0.47044,0.51244,0.56858,0.58404,0.60333,0.5725,0.29587,0.19321,0.22181,0.23545,0.23831,0.31946,0.37336,0.37841,0.42673,0.45839,0.39962,0.34217,0.33979,0.34373,0.32253,0.25731,0.18634,0.17677
-0.10266,-0.12278,-0.10699,-0.0056421,0.1311,0.20392,NaN,NaN,0.55863,0.59966,0.58357,0.57116,0.59924,0.56415,0.26938,0.13184,0.15643,0.20208,0.22888,0.29575,0.34419,0.37038,0.43044,0.45271,0.41607,0.35975,0.33768,0.34039,0.32614,0.27158,0.21494,0.20197
-0.022802,-0.08918,-0.10116,0.096735,0.30169,NaN,NaN,NaN,NaN,0.65899,0.56098,0.55408,0.58125,0.53636,0.24115,0.068121,0.093425,0.16895,0.21216,0.26505,0.31617,0.37625,0.41229,0.42721,0.41304,0.3673,0.3354,0.33355,0.31845,0.2733,0.22728,0.19794
0.026728,-0.083333,-0.090572,0.30523,0.45084,NaN,0.54649,0.55001,NaN,0.61174,0.52673,0.53267,0.55313,0.51619,0.24928,0.042307,0.058441,0.13271,0.18469,0.24255,0.29524,0.35826,0.3894,0.39925,0.3899,0.36217,0.33981,0.33174,0.31956,0.28158,0.23092,0.19262
-0.06842,-0.13175,-0.038349,0.35788,0.49073,0.5193,0.536,0.52721,NaN,NaN,0.49004,0.52492,0.53224,0.51301,0.30758,0.077892,0.073052,0.1268,0.17161,0.23802,0.28571,0.34229,0.38809,0.39048,0.37358,0.35833,0.34633,0.33181,0.31867,0.28452,0.23874,0.19206
-0.16141,-0.17774,-0.087126,0.2343,0.40885,0.4726,0.50942,0.51074,NaN,NaN,NaN,0.58119,0.55304,0.5103,0.35849,0.15205,0.10818,0.13347,0.17038,0.24071,0.29762,0.36017,0.40485,0.40467,0.38775,0.37569,0.36766,0.34985,0.32268,0.28495,0.23513,0.18329
NaN,NaN,-0.084843,0.16506,0.3589,0.41594,0.49025,0.51198,0.51393,0.53596,0.60269,NaN,0.53722,0.4379,0.32711,0.22951,0.13149,0.095741,0.14372,0.21828,0.29513,0.36246,0.41774,0.42518,0.41193,0.39998,0.39396,0.37346,0.32798,0.27807,0.23435,0.17927
0.098569,NaN,NaN,0.22757,0.35745,0.42873,0.50024,0.51831,0.53132,0.55349,0.59126,NaN,0.37889,0.30083,0.28817,0.27747,0.18175,0.061909,NaN,0.20124,0.26576,0.31989,0.37485,0.42204,0.43601,0.42149,0.40149,0.37169,0.3281,0.27512,0.25085,0.20238
0.086243,0.24803,0.33695,0.39951,0.40218,0.44829,0.50811,0.52373,0.5408,0.57057,0.59596,0.47003,0.28791,0.24275,0.27397,NaN,NaN,NaN,NaN,NaN,NaN,0.2231,0.27239,0.36538,0.39917,0.36659,0.34797,0.33364,0.30924,0.29584,0.30153,0.28115
0.24217,0.33644,0.37401,0.36355,0.36833,0.41453,0.48867,0.52132,0.5528,0.59511,0.62339,NaN,NaN,NaN,NaN,NaN,NaN,NaN,NaN,NaN,NaN,NaN,0.24677,0.32949,0.38397,0.34538,0.31744,0.2924,0.29173,0.31801,0.34826,0.33823
0.10019,0.23638,0.32616,0.34114,0.35946,0.40216,0.47157,0.52136,0.54694,0.55926,NaN,NaN,NaN,NaN,NaN,NaN,NaN,NaN,NaN,NaN,NaN,NaN,NaN,NaN,0.34237,0.33368,0.31815,0.28412,0.26707,0.29885,0.34164,0.35017
0.18122,0.2776,0.3382,0.35155,0.3868,0.42498,0.49356,0.53066,0.53066,0.51023,NaN,NaN,NaN,NaN,NaN,NaN,NaN,NaN,NaN,NaN,NaN,NaN,NaN,NaN,NaN,0.35381,0.35994,0.31901,0.27712,0.2884,0.31613,0.31699
0.30627,0.32319,0.36346,0.37869,0.41935,0.48082,0.53236,0.54516,0.51155,0.45641,NaN,NaN,NaN,NaN,NaN,NaN,NaN,NaN,NaN,NaN,NaN,NaN,NaN,NaN,NaN,0.34812,0.36643,0.32839,0.28726,0.28817,0.31088,NaN
0.36886,0.33995,0.36144,0.39512,0.45285,0.527,0.56893,0.53884,0.49172,0.46259,NaN,NaN,NaN,NaN,NaN,NaN,NaN,NaN,NaN,NaN,NaN,NaN,NaN,NaN,NaN,NaN,NaN,NaN,NaN,NaN,NaN,NaN
0.42949,0.39203,0.40192,0.43663,0.50318,0.56501,0.57993,0.52072,0.46474,0.40802,NaN,NaN,NaN,NaN,NaN,NaN,NaN,NaN,NaN,NaN,NaN,NaN,NaN,NaN,NaN,NaN,NaN,NaN,NaN,NaN,NaN,NaN
0.49144,0.48124,0.4687,0.476,0.52016,0.56762,0.57247,0.51639,0.46003,0.38718,0.29923,NaN,NaN,NaN,NaN,NaN,NaN,NaN,NaN,NaN,NaN,NaN,NaN,NaN,NaN,NaN,NaN,NaN,NaN,NaN,NaN,NaN
0.5032,0.49461,0.46546,0.46429,0.50248,0.54226,0.55403,0.5203,0.46907,0.39489,NaN,NaN,NaN,NaN,NaN,NaN,NaN,NaN,NaN,NaN,NaN,NaN,NaN,NaN,NaN,NaN,NaN,NaN,NaN,NaN,NaN,NaN
0.4778,0.45516,0.42528,0.42155,0.46962,0.49989,0.50971,0.49429,0.46484,0.41085,0.35059,NaN,NaN,NaN,NaN,NaN,NaN,NaN,NaN,NaN,NaN,NaN,NaN,NaN,NaN,NaN,NaN,NaN,NaN,NaN,NaN,NaN
0.4145,0.37444,0.3637,0.38614,0.43546,0.47537,0.46967,0.4515,0.43914,0.4186,0.38684,0.36268,NaN,NaN,NaN,NaN,NaN,NaN,NaN,NaN,NaN,NaN,NaN,NaN,NaN,NaN,NaN,NaN,NaN,NaN,NaN,NaN
0.35115,0.30171,0.33417,0.36203,0.41614,0.45939,0.44443,0.42677,0.40489,0.39948,0.38856,0.37671,NaN,NaN,NaN,NaN,NaN,NaN,NaN,NaN,NaN,NaN,NaN,NaN,NaN,NaN,NaN,NaN,NaN,NaN,NaN,NaN
0.34674,0.32332,0.35645,0.37945,0.38506,0.42443,0.42166,0.40253,0.37576,0.36882,0.36089,0.37563,0.41161,NaN,NaN,NaN,NaN,NaN,NaN,NaN,NaN,NaN,NaN,NaN,NaN,NaN,NaN,NaN,NaN,NaN,NaN,NaN
0.37011,0.33928,0.37655,0.3877,0.37519,0.39381,0.39886,0.37818,0.34295,0.33248,0.33066,0.37367,0.42683,NaN,NaN,NaN,NaN,NaN,NaN,NaN,NaN,NaN,NaN,NaN,NaN,NaN,NaN,NaN,NaN,NaN,NaN,NaN
0.38348,0.34877,0.37257,0.37938,0.36325,0.35867,0.36529,0.34247,0.30895,0.29311,0.30085,0.35096,0.4165,NaN,NaN,NaN,NaN,NaN,NaN,NaN,NaN,NaN,NaN,NaN,NaN,NaN,NaN,NaN,NaN,NaN,NaN,NaN
0.34768,0.2975,0.32983,0.3578,0.33925,0.32927,0.33977,0.32272,0.28677,0.27078,0.29701,0.33861,0.35913,0.39054,0.42757,NaN,NaN,NaN,NaN,NaN,NaN,NaN,NaN,NaN,NaN,NaN,NaN,NaN,NaN,NaN,NaN,NaN
0.29256,0.24759,0.2798,0.30767,0.28945,0.29116,0.30082,0.29289,0.26076,0.2671,0.30889,0.33133,0.32148,0.36357,0.44186,0.45529,NaN,NaN,NaN,NaN,NaN,NaN,NaN,NaN,NaN,NaN,NaN,NaN,NaN,NaN,NaN,0.33802
0.26039,0.23702,0.27336,0.26276,0.23566,0.2599,0.27901,0.26921,0.24756,0.25978,0.30211,0.32637,0.34412,0.36651,0.38859,0.38923,NaN,NaN,NaN,NaN,NaN,NaN,NaN,NaN,NaN,NaN,NaN,NaN,NaN,0.44011,0.44624,0.44688
0.31098,0.28491,0.29205,0.23136,0.2,0.24203,0.26797,0.26738,0.25769,0.27324,0.29436,0.32377,0.36914,0.3837,0.34283,0.30582,0.28193,NaN,NaN,NaN,NaN,NaN,NaN,NaN,NaN,NaN,NaN,NaN,0.42953,0.47326,0.43517,0.41593
0.32177,0.2609,0.23048,0.16935,0.17552,0.23054,0.26158,0.27412,0.28334,0.30205,0.3121,0.32885,0.38644,0.39641,0.33221,0.28488,0.21485,NaN,NaN,NaN,NaN,NaN,NaN,NaN,NaN,NaN,NaN,NaN,0.45345,0.44587,0.38929,0.37026
0.28382,0.18925,0.14469,0.1243,0.15406,0.21174,0.247,0.26866,0.30488,0.35393,0.37513,0.36624,0.37201,0.36091,0.32895,0.30657,0.21243,0.16566,NaN,NaN,NaN,NaN,NaN,NaN,NaN,NaN,NaN,0.37807,0.44197,0.43576,0.38023,0.33431
0.22731,0.11649,0.09541,0.12088,0.13837,0.18368,0.22474,0.25405,0.28809,0.36474,0.44613,0.44396,0.40695,0.37509,0.37025,0.36739,0.27679,0.20018,NaN,NaN,NaN,NaN,NaN,NaN,NaN,0.30719,0.34817,0.39143,0.43642,0.44303,0.40521,0.32778
0.13748,0.048915,0.081579,0.12543,0.13246,0.1705,0.2128,0.23975,0.26332,0.34241,0.45092,0.47301,0.42993,0.38976,0.38739,0.36216,0.28306,0.21447,NaN,NaN,NaN,NaN,0.29218,0.29207,0.2691,0.28081,0.33822,0.3876,0.43435,0.4536,0.41928,0.34452
0.063695,0.02775,0.089814,0.12538,0.12532,0.16168,0.20107,0.23434,0.246,0.30451,0.40994,0.45268,0.4322,0.41706,0.38693,0.33303,0.3193,0.30469,0.27108,NaN,NaN,0.24556,0.23173,0.25391,0.26098,0.2507,0.26889,0.35198,0.42651,0.44789,0.39681,0.31027
0.0053316,-0.030407,0.038904,0.087903,0.10357,0.14067,0.18715,0.21543,0.23074,0.27593,0.35653,0.39546,0.39047,0.41748,0.38626,0.3245,0.33754,0.35608,0.3333,0.3115,0.29649,0.21515,0.13417,0.13889,0.1901,0.16847,0.19049,0.3078,0.42762,0.45994,0.38614,0.27286
-0.039547,-0.067695,-0.0085417,0.053373,0.080207,0.1151,0.15915,0.18564,0.20565,0.2747,0.33614,0.35626,0.39126,0.43072,0.37675,0.31262,0.33284,0.36362,0.37158,0.37048,0.33264,0.20885,0.071546,0.060787,0.11366,0.1204,0.13919,0.28027,0.44011,0.48368,0.39431,0.26215
-0.094549,-0.091539,-0.018171,0.045656,0.071032,0.089412,0.12945,0.15505,0.18498,0.27484,0.33492,0.34275,0.39803,0.43388,0.35044,0.28738,0.31808,0.33851,0.35296,0.36777,0.34632,0.22879,0.069793,0.044192,0.082931,0.087195,0.11036,0.25862,0.44877,0.49868,0.40746,0.2651
-0.14686,-0.095698,-0.017975,0.063026,0.079948,0.082616,0.11136,0.14267,0.18911,0.27029,0.31211,0.31917,0.3807,0.41382,0.31744,0.27472,0.30181,0.30513,0.32113,0.32967,0.35966,0.26559,0.11601,0.058782,0.068106,0.057515,0.082,0.25125,0.45702,0.5108,0.43175,0.29066
-0.17553,-0.084043,0.0047702,0.082775,0.10165,0.087186,0.10261,0.14685,0.19316,0.23469,0.26339,0.28103,0.34971,0.37023,0.29213,0.26477,0.27639,0.27572,0.30193,0.31682,0.34747,0.28393,0.1521,0.069952,0.054628,0.046168,0.081304,0.25659,0.4508,0.50695,0.44321,0.2977
-0.17777,-0.079292,0.0023839,0.076471,0.086008,0.069967,0.088879,0.13003,0.16035,0.1744,0.21058,0.25454,0.31712,0.31383,0.26909,0.24194,0.22987,0.24317,0.30007,0.32113,0.33202,0.27698,0.17237,0.072857,0.054689,0.067505,0.11482,0.27275,0.44662,0.49813,0.44906,0.29353
-0.11983,-0.050226,-0.007242,0.041903,0.040677,0.024684,0.042665,0.07747,0.10877,0.1432,0.19974,0.25263,0.2939,0.27921,0.27006,0.22495,0.17597,0.19756,0.28742,0.32792,0.30895,0.26245,0.2012,0.1001,0.062608,0.096634,0.16242,0.28581,0.4203,0.48161,0.45944,0.32019
-0.08693,-0.040597,-0.0095782,0.025351,0.00041698,-0.030667,-0.013033,0.017327,0.052402,0.11147,0.19373,0.25076,0.27662,0.2473,0.22399,0.17494,0.13434,0.15046,0.25885,0.33379,0.31761,0.27253,0.24064,0.12773,0.079804,0.1193,0.17722,0.28043,0.39424,0.44854,0.45,0.33362
-0.061781,-0.048947,-0.016128,-0.0060843,-0.065745,-0.090448,-0.047316,-0.0060106,0.022819,0.076281,0.15689,0.21968,0.23873,0.18995,0.15773,0.13988,0.11977,0.12345,0.23596,0.35843,0.36096,0.27226,0.22544,0.15362,0.11295,0.14052,0.18641,0.27132,0.37934,0.43351,0.44907,0.36551
-0.089513,-0.075791,-0.025186,0.011448,-0.059933,-0.11413,-0.095237,-0.032248,0.018002,0.05511,0.13803,0.21941,0.23307,0.17613,0.1302,0.12223,0.10875,0.11227,0.21676,0.36064,0.37617,0.26646,0.2045,0.1631,0.12715,0.15275,0.19059,0.26281,0.35978,0.41352,0.42574,0.36476
-0.13294,-0.10879,-0.091376,NaN,NaN,NaN,NaN,NaN,NaN,NaN,0.14518,0.22845,0.25344,0.20608,0.11136,0.095267,0.076229,0.094008,0.18306,0.31883,0.34985,0.2472,0.1626,0.1345,0.12872,0.16975,0.21293,0.2755,0.36319,0.4122,0.41311,0.37378
-0.14964,-0.1233,NaN,NaN,NaN,NaN,NaN,NaN,NaN,NaN,NaN,NaN,0.27291,0.23647,0.093651,0.060234,0.049235,0.075696,0.14121,0.25369,0.33184,0.27376,0.16575,0.10606,0.1171,0.18393,0.23332,0.28771,0.35576,0.40885,0.40754,0.36981
-0.15683,NaN,NaN,NaN,NaN,NaN,NaN,NaN,NaN,NaN,NaN,NaN,0.2827,0.24989,0.062101,0.0096666,0.01808,0.056185,0.10449,0.18941,0.29041,0.27689,0.16447,0.083886,0.10178,0.1804,0.2451,0.29816,0.36214,0.42103,0.41541,0.36787
NaN,NaN,NaN,NaN,NaN,NaN,NaN,NaN,NaN,NaN,NaN,NaN,NaN,0.271,0.091285,-0.019268,-0.01114,0.046402,0.10922,0.18072,0.26238,0.25235,0.16464,0.099526,0.11118,0.18494,0.2547,0.32518,0.39303,0.4351,0.42825,0.38274
NaN,NaN,NaN,NaN,NaN,NaN,NaN,NaN,NaN,NaN,NaN,NaN,NaN,NaN,0.16659,-0.024135,-0.048265,0.026181,0.13022,0.17623,0.20722,0.19881,0.13344,0.092155,0.12326,0.19955,0.26256,0.33315,0.40068,0.43276,0.4287,0.39992
NaN,NaN,NaN,NaN,NaN,NaN,NaN,NaN,NaN,NaN,NaN,NaN,NaN,0.25882,0.1952,-0.020162,-0.075332,0.015532,0.15674,0.17631,0.16067,0.14623,0.088997,0.0556,0.11672,0.20256,0.25829,0.32929,0.39796,0.4205,0.41381,0.39009
NaN,NaN,NaN,NaN,NaN,NaN,NaN,NaN,NaN,NaN,NaN,NaN,NaN,0.1811,0.17484,-0.0021638,-0.078777,-0.013126,0.13769,0.16257,0.14056,0.13578,0.068276,0.020704,0.089072,0.18608,0.24818,0.32477,0.39937,0.41809,0.40503,0.37369
NaN,NaN,NaN,NaN,NaN,NaN,NaN,NaN,NaN,NaN,NaN,NaN,NaN,0.11656,0.15741,0.015342,-0.076149,-0.057709,0.081748,0.12317,0.12888,0.13698,0.061109,-0.0044095,0.049777,0.16692,0.23447,0.31357,0.39169,0.41513,0.40594,0.37926
