NaN,NaN,NaN,NaN,NaN,NaN,NaN,NaN,NaN,NaN,NaN,NaN,NaN,0.022184,0.10823,0.038337,-0.086797,-0.14889,-0.08607,-0.024834,0.0004609,0.029754,0.019397,0.013464,0.077195,0.19024,0.25533,0.32431,0.3921,0.42132,0.44087,0.42635
NaN,NaN,NaN,NaN,NaN,NaN,NaN,NaN,NaN,NaN,NaN,NaN,NaN,0.081062,0.14671,0.066087,-0.082565,-0.15604,-0.11178,-0.043461,-0.018663,0.021083,0.034805,0.019594,0.04825,0.12711,0.19546,0.26805,0.34194,0.3631,0.38458,0.40072
NaN,NaN,NaN,NaN,NaN,NaN,NaN,NaN,NaN,NaN,NaN,NaN,NaN,0.11692,0.16822,0.072565,-0.091073,-0.15603,-0.1163,-0.066393,-0.054036,0.015019,0.067837,0.055333,0.017403,0.059844,0.12392,0.19174,0.25725,0.28464,0.32123,0.35532
NaN,NaN,NaN,NaN,NaN,NaN,NaN,NaN,NaN,NaN,NaN,NaN,NaN,0.15332,0.15942,0.047409,-0.12534,-0.16488,-0.12172,-0.098209,-0.1011,-0.0075085,0.08579,0.087528,0.016366,0.012778,0.076649,0.12967,0.17198,0.20463,0.27753,0.33153
NaN,NaN,NaN,NaN,NaN,NaN,NaN,NaN,NaN,NaN,NaN,NaN,NaN,NaN,0.14382,0.0056222,-0.18386,-0.19838,-0.17012,-0.14904,-0.14013,-0.059452,0.045421,0.075456,0.038619,-0.017926,0.0080293,0.074477,0.11002,0.1205,0.23753,0.29254
NaN,NaN,NaN,NaN,NaN,NaN,NaN,NaN,NaN,NaN,NaN,NaN,NaN,NaN,0.10261,-0.044116,NaN,-0.21145,-0.2198,-0.19568,-0.15612,-0.08444,-0.030489,-0.011656,0.012253,-0.025107,-0.050197,0.085667,0.1177,0.15696,0.25945,0.21969
NaN,NaN,NaN,NaN,NaN,NaN,NaN,NaN,NaN,NaN,NaN,NaN,NaN,NaN,NaN,NaN,NaN,NaN,-0.2047,-0.20654,-0.16932,-0.10407,-0.051898,-0.038156,0.033552,0.074597,-0.018269,-0.027816,-0.016751,0.071214,0.18512,0.17298
NaN,NaN,NaN,NaN,NaN,NaN,NaN,NaN,NaN,NaN,NaN,NaN,NaN,NaN,NaN,NaN,NaN,NaN,NaN,NaN,-0.07803,-0.081922,-0.033147,NaN,NaN,NaN,NaN,-0.012814,-0.067842,-0.0074386,0.006469,0.076299
NaN,NaN,NaN,NaN,NaN,NaN,NaN,NaN,NaN,NaN,NaN,NaN,NaN,NaN,NaN,NaN,NaN,NaN,NaN,NaN,NaN,NaN,NaN,NaN,NaN,NaN,NaN,NaN,NaN,NaN,-0.026141,-0.0010011
NaN,NaN,NaN,NaN,NaN,NaN,NaN,NaN,NaN,NaN,NaN,NaN,NaN,NaN,NaN,NaN,NaN,NaN,NaN,NaN,NaN,NaN,NaN,NaN,NaN,NaN,NaN,NaN,NaN,NaN,NaN,-0.10654
NaN,NaN,NaN,NaN,NaN,NaN,NaN,NaN,NaN,NaN,NaN,NaN,NaN,NaN,NaN,NaN,NaN,NaN,NaN,NaN,NaN,NaN,NaN,NaN,NaN,NaN,NaN,NaN,NaN,NaN,NaN,NaN
NaN,NaN,NaN,NaN,NaN,NaN,NaN,NaN,NaN,NaN,NaN,NaN,NaN,NaN,NaN,NaN,NaN,NaN,NaN,NaN,NaN,NaN,NaN,NaN,NaN,NaN,NaN,NaN,NaN,NaN,NaN,NaN
NaN,NaN,NaN,NaN,NaN,NaN,NaN,NaN,NaN,NaN,NaN,NaN,NaN,NaN,NaN,NaN,NaN,NaN,NaN,NaN,NaN,NaN,NaN,NaN,NaN,NaN,NaN,NaN,NaN,NaN,NaN,NaN
NaN,NaN,NaN,NaN,NaN,NaN,NaN,NaN,NaN,NaN,NaN,NaN,NaN,NaN,NaN,NaN,NaN,NaN,NaN,NaN,NaN,NaN,NaN,NaN,NaN,NaN,NaN,NaN,NaN,NaN,NaN,NaN
NaN,NaN,NaN,NaN,NaN,NaN,NaN,NaN,NaN,NaN,NaN,NaN,NaN,NaN,NaN,NaN,NaN,NaN,NaN,NaN,NaN,NaN,NaN,NaN,NaN,NaN,NaN,NaN,NaN,NaN,NaN,NaN
NaN,NaN,NaN,NaN,NaN,NaN,NaN,NaN,NaN,NaN,NaN,NaN,NaN,NaN,NaN,NaN,NaN,NaN,NaN,NaN,NaN,NaN,NaN,NaN,NaN,NaN,NaN,NaN,NaN,NaN,NaN,NaN
NaN,NaN,NaN,NaN,NaN,NaN,NaN,NaN,NaN,NaN,NaN,NaN,NaN,NaN,NaN,NaN,NaN,NaN,NaN,NaN,NaN,NaN,NaN,NaN,NaN,NaN,NaN,NaN,NaN,NaN,NaN,NaN
NaN,NaN,NaN,NaN,NaN,NaN,NaN,NaN,NaN,NaN,NaN,NaN,NaN,NaN,NaN,NaN,-0.19514,NaN,NaN,NaN,NaN,NaN,NaN,NaN,NaN,NaN,NaN,NaN,NaN,NaN,NaN,0.3163
NaN,NaN,NaN,NaN,NaN,NaN,NaN,NaN,NaN,NaN,NaN,NaN,NaN,NaN,NaN,NaN,-0.16006,NaN,NaN,NaN,NaN,NaN,NaN,NaN,NaN,NaN,NaN,NaN,NaN,0.41018,0.37303,0.30817
NaN,NaN,-0.03044,-0.10227,NaN,NaN,NaN,NaN,NaN,NaN,NaN,NaN,NaN,NaN,NaN,NaN,NaN,NaN,NaN,NaN,NaN,NaN,NaN,NaN,NaN,NaN,0.2972,0.35472,0.40492,0.39636,0.30331,0.21274
NaN,NaN,NaN,-0.079202,-0.048208,0.096714,NaN,NaN,NaN,NaN,NaN,NaN,NaN,NaN,NaN,NaN,NaN,NaN,NaN,NaN,NaN,NaN,NaN,NaN,NaN,0.29842,0.3205,0.33835,0.35278,0.29936,0.18946,0.13694
NaN,NaN,NaN,NaN,NaN,0.21087,0.30303,0.24396,NaN,NaN,NaN,NaN,NaN,NaN,NaN,NaN,NaN,NaN,0.42865,0.4314,NaN,NaN,NaN,NaN,NaN,0.35792,0.34143,0.31695,0.28928,0.19895,0.075542,0.081241
NaN,NaN,NaN,NaN,NaN,NaN,0.33736,0.29975,NaN,NaN,NaN,NaN,NaN,NaN,NaN,NaN,NaN,0.46624,0.43693,0.42008,0.43225,0.41592,0.41515,0.43196,0.43681,0.40347,0.37765,0.37363,0.31287,0.16456,0.043029,0.07266
NaN,NaN,NaN,NaN,NaN,NaN,NaN,NaN,NaN,NaN,NaN,NaN,NaN,NaN,NaN,NaN,0.46931,0.39214,0.37372,0.3728,0.40667,0.43301,0.45736,0.45829,0.45293,0.40909,0.38936,0.39425,0.33014,0.17155,0.05909,0.071089
NaN,NaN,NaN,NaN,NaN,NaN,NaN,NaN,NaN,0.43533,NaN,NaN,NaN,NaN,NaN,0.46226,0.38822,0.29973,0.31315,0.31494,0.37961,0.41704,0.43054,0.38704,0.3975,NaN,NaN,NaN,NaN,0.16939,0.1515,0.099189
NaN,NaN,NaN,NaN,NaN,NaN,NaN,NaN,NaN,0.36979,NaN,NaN,NaN,NaN,0.34091,0.33698,0.28513,0.23744,0.27163,0.27196,0.34978,0.39763,0.3883,0.31606,NaN,NaN,NaN,NaN,NaN,0.18766,0.19377,0.10217
0.11566,NaN,NaN,NaN,NaN,NaN,NaN,NaN,0.38662,0.36512,NaN,NaN,NaN,0.21425,0.23709,0.20648,0.20638,0.20837,0.22854,0.1962,0.27853,0.33922,0.34346,NaN,NaN,NaN,0.17629,0.12957,0.098234,0.15961,0.16218,0.097321
NaN,0.20349,NaN,NaN,NaN,NaN,NaN,NaN,0.43583,0.44656,NaN,0.31735,0.28799,0.2329,0.18044,0.14759,0.16739,0.19445,0.20575,0.18933,0.25548,0.33201,0.32584,0.28124,0.27604,0.20675,0.15126,0.096804,0.06692,0.12096,0.12891,0.098361
NaN,NaN,0.24923,NaN,NaN,NaN,NaN,NaN,0.47264,0.47139,0.45066,0.4019,0.36395,0.27423,0.19067,0.1478,0.15088,0.19438,0.22505,0.26794,0.31371,0.36123,0.37245,0.36747,0.33952,0.24883,0.14776,0.061831,0.034609,0.062494,0.075021,0.089898
NaN,NaN,0.31018,NaN,NaN,NaN,NaN,0.41958,0.50768,0.48569,0.45774,0.37769,0.32005,0.2418,0.18595,0.12981,0.12039,0.19865,0.29588,0.39718,0.43367,0.43291,0.4007,0.39103,0.35954,0.26664,0.15939,0.08552,0.053801,0.055683,0.069128,0.091168
NaN,NaN,0.30302,NaN,NaN,NaN,0.47925,0.47695,0.49672,0.44586,0.39389,0.32011,0.27348,0.23447,0.22055,0.17874,0.17526,0.27049,0.40274,0.52993,0.54208,0.49261,0.42019,0.38911,0.35871,0.27754,0.20021,0.14055,0.089852,0.060051,0.063955,0.06828
NaN,NaN,NaN,0.15911,NaN,0.48879,0.52247,0.49334,0.46198,0.39558,0.3616,0.31449,0.26685,0.23718,0.25892,0.25067,0.25883,0.35265,0.48045,0.59746,0.57661,0.50204,0.42513,0.37744,0.3381,0.28022,0.22245,0.18038,0.1111,0.063461,0.066489,0.059197
NaN,NaN,NaN,0.27007,0.43625,0.54082,0.55855,0.49431,0.42104,0.35473,0.36206,0.34913,0.30445,0.25763,0.2789,0.2915,0.32714,0.42522,0.51343,0.57799,0.51859,0.46969,0.41493,0.3558,0.32678,0.28774,0.23716,0.19405,0.11758,0.073658,0.10154,0.071902
NaN,NaN,NaN,0.3823,0.52552,0.58015,0.55526,0.47317,0.40861,0.35026,0.37061,0.37002,0.33075,0.26334,0.25841,0.27647,0.33019,0.42831,0.47655,0.47892,0.43106,0.42503,0.40035,0.34097,0.32502,0.29114,0.23889,0.18288,0.10899,0.11042,0.16082,0.11509
NaN,NaN,NaN,0.37938,0.50156,0.53376,0.50486,0.44971,0.40641,0.34883,0.35888,0.34591,0.31075,0.25279,0.23352,0.23644,0.29054,0.37922,0.40567,0.39417,0.37729,0.38996,0.38365,0.35133,0.34146,0.30327,0.24734,0.18769,0.10457,0.12878,0.20192,0.17888
NaN,NaN,NaN,0.35853,0.4611,0.48936,0.4642,0.42034,0.36028,0.29886,0.3124,0.31046,0.27558,0.24426,0.22464,0.2243,0.28364,0.36286,0.37807,0.36256,0.35831,0.36618,0.36826,0.38151,0.38916,0.33021,0.26158,0.21351,0.11071,0.09966,0.18791,0.18598
NaN,NaN,NaN,0.31839,0.38284,0.42621,0.41315,0.37186,0.31172,0.26465,0.29199,0.30158,0.26915,0.22034,0.21327,0.24604,0.32682,0.39683,0.39017,0.35298,0.35388,0.37057,0.38709,0.40971,0.41968,0.35921,0.29233,0.24866,0.15153,0.11767,0.19658,0.20374
NaN,NaN,NaN,NaN,0.28722,0.34639,0.35281,0.32538,0.28581,0.27381,0.31042,0.33114,0.28205,0.20061,0.1891,0.29199,0.39576,0.42976,0.37371,0.29313,0.3146,0.3574,0.3849,0.41407,0.43294,0.37698,0.30016,0.2593,0.1897,0.13737,0.17181,0.21273
NaN,NaN,NaN,NaN,NaN,0.30032,0.30358,0.28312,0.2801,0.29016,0.32348,0.32287,0.27843,0.20057,0.18835,0.30581,0.40726,0.41556,0.30839,0.20471,0.2342,0.3143,0.3706,0.40397,0.43064,0.36611,0.27241,0.2402,0.19371,0.14652,0.17648,0.23113
NaN,NaN,NaN,NaN,NaN,NaN,NaN,0.22285,0.23749,0.2575,0.25368,0.25862,0.25666,0.21872,0.21816,0.3106,0.38443,0.38743,0.25165,0.16338,0.21372,0.31408,0.37297,0.41479,0.42566,0.34078,0.24486,0.22352,0.18538,0.13027,0.15613,0.2465
NaN,NaN,NaN,NaN,NaN,NaN,NaN,NaN,NaN,0.18618,0.16197,0.16121,0.20803,0.23183,0.25636,0.32248,0.37492,0.37001,0.25294,0.1769,0.22089,0.30043,0.35756,0.39971,0.40928,0.32746,0.2337,0.20525,0.16098,0.079332,0.096742,0.21237
NaN,NaN,NaN,NaN,NaN,NaN,NaN,NaN,NaN,NaN,NaN,0.10242,0.19129,0.27217,0.30415,0.33304,0.36004,0.35789,0.27916,0.20895,0.2035,0.25429,0.30605,0.35138,0.38122,0.32771,0.24643,0.22294,0.18519,0.08663,0.048843,0.1411
NaN,NaN,NaN,NaN,NaN,NaN,NaN,NaN,NaN,NaN,NaN,0.05727,0.13867,0.26653,0.32122,0.3469,0.35597,0.34753,0.28298,0.21234,0.1734,0.1884,0.22473,0.2603,0.32451,0.31287,0.2485,0.22529,0.20238,0.10471,0.035447,0.10621
NaN,NaN,NaN,NaN,NaN,NaN,NaN,NaN,0.17267,0.18883,0.19082,NaN,NaN,0.32617,0.3477,0.36809,0.35873,0.34032,0.28787,0.19574,0.1074,0.10891,0.14562,0.14928,0.23511,0.29267,0.2686,0.25158,0.25305,0.16931,0.048134,0.078971
NaN,NaN,NaN,NaN,NaN,NaN,NaN,0.27626,0.19069,0.21505,0.28215,0.39641,0.41121,0.37267,0.35606,0.36441,0.3511,0.32918,0.28384,0.19013,0.094651,0.086795,0.11866,0.097764,0.18555,0.28944,0.28598,0.26439,0.2588,0.1821,0.052179,0.052279
NaN,NaN,NaN,NaN,NaN,NaN,0.31091,0.28969,0.24978,0.29423,0.37092,0.46274,0.45672,0.39465,0.35148,0.35279,0.34223,0.33216,0.28175,0.22408,0.12353,0.073604,0.066181,0.057289,0.13577,0.25806,0.28198,0.27624,0.24881,0.22289,0.11694,0.079406
NaN,NaN,NaN,NaN,NaN,0.31055,0.36319,0.37067,0.37053,0.4175,0.46802,0.51018,0.48023,0.42467,0.37192,0.37075,0.36211,0.35378,0.33091,0.26406,0.15771,0.060208,-0.0021636,0.0028276,0.088483,0.22183,0.2691,0.25542,0.2302,0.27386,0.20815,0.1003
NaN,NaN,NaN,NaN,NaN,0.30961,0.41141,0.45201,0.48189,0.50988,0.52005,0.51858,0.49598,0.46157,0.42397,0.40447,0.39357,0.40637,0.40695,0.33184,0.1805,0.03106,-0.056235,-0.040255,0.049459,0.17777,0.2443,0.22809,0.21176,0.29909,0.2514,0.11823
NaN,NaN,NaN,NaN,0.20825,0.30717,0.42445,0.49037,0.54064,0.56488,0.55081,0.51105,0.47841,0.46419,0.4386,0.42053,0.42866,0.46251,0.47459,0.39789,0.21305,0.00585,-0.084625,-0.06452,0.014045,0.12358,0.20707,0.20128,0.16818,0.22729,0.20326,0.089752
NaN,NaN,NaN,NaN,NaN,0.32051,0.40103,0.4739,0.55315,0.59495,0.57761,0.53428,0.49683,0.46011,0.42672,0.41685,0.45072,0.49345,0.51176,0.45277,0.28779,0.045828,-0.083583,-0.077828,-0.0087335,0.090033,0.17304,0.1904,0.15232,0.15608,0.11179,0.062135
NaN,NaN,NaN,NaN,NaN,NaN,0.32312,0.40001,0.51881,0.56837,0.55705,0.52563,0.51416,0.44964,0.39327,0.40635,0.45112,0.51395,0.53217,0.48169,0.35902,0.13651,-0.060514,-0.086519,-0.016021,0.055294,0.13097,0.17057,0.17512,0.13844,0.051384,0.050851
NaN,NaN,NaN,NaN,NaN,NaN,NaN,NaN,0.45413,0.49454,0.4932,0.48862,0.5022,0.44233,0.37017,0.39726,0.44502,0.51252,0.53291,0.50354,0.42083,0.23461,0.0024418,-0.07988,-0.012306,0.01848,0.04188,0.094417,0.12677,0.11472,0.041957,0.059919
NaN,NaN,NaN,NaN,NaN,NaN,NaN,NaN,0.42172,0.45482,0.43641,0.43162,0.46727,NaN,0.39464,0.39319,0.41761,0.47572,0.51406,0.51114,0.4728,0.36421,0.10097,-0.03991,0.00051563,-0.031548,-0.060735,-0.016967,0.052461,0.091671,0.07434,0.090239
NaN,NaN,NaN,NaN,NaN,NaN,NaN,NaN,NaN,NaN,0.43163,NaN,0.41458,0.43334,NaN,NaN,0.38302,0.42763,0.47808,0.50521,0.49167,0.4273,0.21222,0.032302,0.0063035,-0.049143,-0.12452,-0.11089,-0.039965,0.040071,0.073467,0.063592
NaN,NaN,NaN,NaN,NaN,NaN,NaN,NaN,NaN,0.44461,0.44024,0.41758,NaN,NaN,0.46294,NaN,NaN,0.39589,0.42162,0.4843,0.50512,0.46638,0.30188,0.087349,0.0051815,-0.040481,-0.13414,-0.15978,-0.11634,-0.038499,0.057845,0.044366
NaN,NaN,NaN,NaN,NaN,NaN,NaN,NaN,NaN,NaN,0.45058,0.45491,0.47306,NaN,NaN,NaN,NaN,NaN,0.43911,0.48916,0.51633,0.50911,0.38331,0.1629,0.030982,-0.015732,-0.10565,-0.15971,-0.19134,-0.15606,-0.076025,-0.064663
NaN,NaN,NaN,NaN,NaN,NaN,NaN,NaN,NaN,NaN,NaN,0.51865,0.54425,0.56759,0.55561,0.51748,0.48474,NaN,NaN,0.47877,0.50596,0.54669,0.47759,0.27961,0.073069,0.01259,-0.069415,-0.16991,-0.23852,-0.27492,-0.25788,-0.23426
NaN,NaN,NaN,NaN,NaN,0.2379,0.13252,NaN,NaN,NaN,NaN,0.53893,0.5716,0.59673,0.56613,0.51152,0.47436,0.47049,0.49082,NaN,0.50728,0.55946,0.53802,0.35948,0.14154,0.024282,-0.049432,-0.13727,-0.2085,-0.29927,-0.3425,-0.27432
NaN,NaN,NaN,NaN,NaN,0.13714,0.19275,0.21675,NaN,NaN,0.54422,0.58874,0.60589,0.61315,0.5476,0.49209,0.42984,0.43006,0.47818,0.49356,0.51427,0.55001,0.54401,0.38026,0.18437,0.033682,-0.040022,-0.066573,-0.12524,-0.24728,-0.26409,-0.20932
NaN,NaN,NaN,NaN,NaN,0.054643,0.20345,0.28554,0.35464,0.4539,0.57479,0.61342,0.59951,0.56095,0.44029,NaN,NaN,0.39144,0.43671,0.47615,0.53429,0.55039,0.55374,0.40054,0.21793,0.070904,0.017835,0.024328,-0.020314,-0.14325,-0.14401,-0.1233
NaN,NaN,NaN,NaN,NaN,0.10597,0.295,0.36793,0.43563,0.52226,0.6099,0.59691,0.46853,0.30584,NaN,NaN,NaN,NaN,0.38614,0.42396,0.52383,0.55154,0.59097,0.47894,0.32788,0.18751,0.10318,0.090957,0.043908,-0.073813,-0.086388,-0.12007
NaN,NaN,NaN,NaN,0.053946,0.27048,0.4064,0.4008,0.40038,0.46605,0.56107,0.5229,0.30569,0.094468,NaN,NaN,NaN,NaN,0.32201,0.37673,0.48951,0.56041,0.6109,0.54898,0.43632,0.2934,0.14569,0.16828,NaN,NaN,NaN,-0.10756
NaN,NaN,NaN,NaN,0.22693,0.3846,0.41014,0.37216,0.33606,0.37807,0.47427,0.4134,0.24371,NaN,NaN,NaN,NaN,NaN,0.21447,0.31086,0.47777,0.58554,0.62748,0.58565,0.50378,0.34305,0.11417,NaN,NaN,NaN,NaN,NaN
NaN,NaN,NaN,0.13326,0.27506,0.36025,0.3359,0.31925,0.32896,0.3234,0.33959,0.23086,0.093196,NaN,0.026468,NaN,0.11076,0.1757,0.16914,0.29308,0.49747,0.61426,0.63065,0.60191,0.52947,0.36235,0.089203,NaN,NaN,NaN,NaN,NaN
NaN,NaN,-0.10307,0.13031,0.34257,0.32134,0.29312,0.29332,0.34137,0.28801,0.1729,0.06212,0.0084478,-0.0012486,-0.00048919,-0.0059952,0.077943,NaN,0.22128,0.32404,0.4974,0.61694,0.62698,0.58792,0.51356,0.3549,NaN,NaN,NaN,NaN,NaN,NaN
-0.10709,0.0056328,0.07027,0.35006,0.37681,0.31652,0.30077,0.30962,0.2935,0.23469,0.075539,-0.015733,-0.013483,0.041875,-0.023889,-0.025633,0.13166,NaN,0.29096,0.34091,0.48614,0.61069,0.61922,0.55644,0.47823,0.31944,NaN,NaN,NaN,NaN,NaN,NaN
0.072312,0.2008,0.35809,0.40477,0.35738,0.33884,0.35305,0.31345,0.24211,0.18231,0.061763,-0.0018148,-0.00090285,0.10084,0.062665,0.11052,0.21126,0.28728,0.3205,0.3572,0.49002,0.60931,0.61144,0.51578,0.41785,NaN,NaN,NaN,NaN,NaN,NaN,NaN
0.27522,0.35665,0.41933,0.36829,0.31274,0.32317,0.35401,0.29853,0.20486,0.16657,0.099055,NaN,NaN,0.24971,0.31351,0.28702,0.23614,0.24555,0.31313,0.36706,0.48821,0.59589,0.5958,0.50508,NaN,NaN,NaN,NaN,NaN,NaN,NaN,NaN
0.30937,0.37726,0.40475,0.3604,0.30998,0.30335,0.30238,0.24275,0.19967,0.21398,0.23531,0.26308,0.28194,0.32801,0.31933,0.24385,0.14648,0.15788,0.27376,0.3703,0.47986,0.574,0.58864,0.5455,NaN,NaN,NaN,NaN,NaN,NaN,NaN,NaN
0.3673,0.38565,0.38705,0.34747,0.31548,0.29784,0.26654,0.20496,0.18833,0.25235,0.32518,0.34392,0.31741,0.29436,0.22483,0.14613,0.071723,0.079117,0.19283,0.31264,0.4367,0.53416,0.55291,0.5179,NaN,NaN,NaN,NaN,NaN,NaN,NaN,NaN
0.43718,0.40342,0.36373,0.32611,0.30776,0.30295,0.26046,0.21147,0.217,0.31117,0.38709,0.38805,0.3372,0.27592,0.14246,0.012421,-0.030441,0.017372,0.11592,0.25401,0.39181,0.49362,NaN,NaN,NaN,NaN,NaN,NaN,NaN,NaN,NaN,NaN
0.42959,0.4043,0.36566,0.32297,0.34099,0.34298,0.2798,0.22561,0.22552,0.31225,0.37707,0.39054,0.37478,0.31994,0.195,-0.0010942,NaN,NaN,0.06272,0.21435,0.34264,0.4245,NaN,NaN,NaN,NaN,NaN,NaN,NaN,NaN,NaN,NaN
0.4501,0.43427,0.38644,0.33811,0.34799,0.33321,0.2643,0.22166,0.26621,0.3332,0.35367,0.35568,0.35542,0.33224,0.24255,0.05215,-0.11493,-0.053379,0.049076,0.18219,0.29462,0.36725,NaN,NaN,NaN,NaN,NaN,NaN,NaN,NaN,NaN,NaN
0.40767,0.42069,0.38599,0.35461,0.36076,0.29277,0.20704,0.21242,0.32343,0.37538,0.37227,0.33304,0.33982,0.33633,0.29424,0.15604,-0.051772,NaN,NaN,0.11888,0.25067,0.35152,0.38816,0.42383,NaN,NaN,NaN,NaN,NaN,NaN,NaN,NaN
0.38389,0.40281,0.38366,0.37115,0.35879,0.22776,0.12921,0.20718,0.37998,0.43262,0.40241,0.34677,0.35005,0.32873,0.28881,0.1757,0.048086,NaN,NaN,NaN,0.24219,0.3537,0.44289,0.47674,0.41817,NaN,NaN,NaN,NaN,NaN,NaN,NaN
0.41568,0.37455,0.33766,0.35483,0.34841,0.19481,0.10581,0.25036,0.41915,0.42897,0.42037,0.40396,0.38246,0.32485,0.23968,0.148,0.14657,NaN,NaN,NaN,0.27384,0.38268,0.47968,0.5122,0.43335,NaN,NaN,NaN,NaN,NaN,NaN,NaN
0.38993,0.35275,0.29323,0.30485,0.28931,0.14429,0.080763,0.27213,0.4272,0.43162,0.41568,0.41109,0.37863,0.2966,0.19204,0.12131,0.17442,0.30528,NaN,NaN,NaN,0.37934,NaN,NaN,NaN,NaN,NaN,NaN,NaN,NaN,NaN,NaN
0.31942,0.32795,0.2832,0.24778,0.22016,0.1006,0.065239,0.26449,0.41445,0.4261,0.41292,0.38571,0.34119,0.25268,0.12651,0.067958,0.14863,0.32671,NaN,NaN,0.29688,0.37535,0.42749,0.46573,NaN,NaN,NaN,NaN,NaN,NaN,NaN,NaN
0.29998,0.32988,0.28003,0.19923,0.15243,0.077364,0.078858,0.27853,0.40483,0.42455,0.41848,0.37769,0.31303,0.20366,0.048152,-0.016025,0.088067,0.2692,0.36555,NaN,0.30473,0.34565,0.39593,0.44331,0.47274,0.46889,NaN,NaN,NaN,NaN,NaN,NaN
0.32743,0.35281,0.30192,0.19204,0.1292,0.077325,0.11371,0.29746,0.40926,0.41996,0.42579,0.38143,0.3009,0.19906,0.045754,-0.050472,0.038713,0.18972,0.3102,0.33625,NaN,0.29487,0.3601,0.39288,0.40988,0.45438,NaN,NaN,NaN,NaN,NaN,NaN
0.323,0.34149,0.29584,0.19245,0.1172,0.06366,0.13094,0.30313,0.38729,0.39332,0.4198,0.38398,0.30426,0.2039,0.059719,-0.051439,-0.00029901,0.12378,0.2546,0.32392,0.32005,0.31975,0.36014,0.35815,0.33561,0.393,0.43328,0.29348,NaN,NaN,NaN,NaN
0.31442,0.28958,0.25439,0.18528,0.085149,0.04759,0.15792,0.28254,0.32899,0.32606,0.36429,0.34235,0.29345,0.23387,0.086544,-0.014892,-0.018362,0.064784,0.19713,0.27864,0.34061,0.38068,0.36272,0.29078,0.25839,0.32577,0.42693,0.41573,0.37581,NaN,NaN,NaN
0.32647,0.2368,0.21146,0.17978,0.055006,0.042716,0.18515,0.27805,0.26178,0.23255,0.27335,0.26487,0.28663,0.28313,0.17013,0.061399,0.052016,0.013222,0.12462,0.21539,0.31439,0.39588,0.34381,0.22693,0.17267,0.25494,0.39938,0.44597,0.40639,0.35601,0.39964,0.4824
0.33341,0.21035,0.18052,0.154,0.042018,0.060521,0.20714,0.283,0.23187,0.16924,0.2005,0.19231,0.23077,0.3094,0.27023,0.24341,0.20734,0.096028,0.045153,0.12384,0.22409,0.31456,0.29207,0.2003,0.14815,0.20074,0.35687,0.47045,0.44922,0.39842,0.41104,0.47028
0.30432,0.17872,0.15249,0.12856,0.06445,0.1048,0.23251,0.28898,0.2278,0.12823,0.1367,0.12768,0.17837,0.30032,0.32672,0.32774,0.34596,0.26594,0.067878,0.0092709,0.081216,0.17274,0.21395,0.18049,0.14039,0.18036,0.32835,0.47311,0.49759,0.44122,0.41912,0.43136
0.25057,0.12579,0.070044,0.048915,0.064885,0.14554,0.2498,0.28537,0.19466,0.090069,0.050759,0.049891,0.16505,0.3026,0.34272,0.39889,0.42986,0.38353,0.18055,-0.059868,-0.045152,0.092246,0.17507,0.17301,0.14766,0.19525,0.33194,0.4536,0.49504,0.43471,0.41025,0.40639
0.2048,0.11452,0.037712,0.029189,0.11502,0.21547,0.28273,0.27603,0.16717,0.06531,-0.024494,-0.013938,0.16759,0.31409,0.36058,0.43282,0.46898,0.44287,0.31879,-0.00012865,-0.13566,0.035266,0.1468,0.1678,0.2023,0.26667,0.34685,0.41875,0.45319,0.43538,0.45132,0.44304
0.18369,0.13632,0.074528,0.082657,0.16182,0.25109,0.30229,0.26658,0.15004,0.084564,-0.00028907,-0.018482,0.14015,0.27612,0.34968,0.44963,0.49572,0.49548,0.41137,0.18358,-0.045541,0.042525,0.13361,0.16694,0.22423,0.27803,0.30195,0.33097,0.36624,0.37476,0.43578,0.47232
0.18855,0.18175,0.17943,0.17316,0.20227,0.26133,0.29118,0.24675,0.16046,0.12164,0.057314,0.032788,0.17696,0.28343,0.36352,0.46751,0.52978,0.54593,0.50088,0.35295,0.10514,0.013141,0.10362,0.15403,0.21708,0.26993,0.26572,0.27602,0.35775,0.37113,0.39724,0.46044
0.19214,0.19932,0.22536,0.22188,0.24197,0.2686,0.28055,0.23578,0.18297,0.18,0.15476,0.17327,0.2752,0.36449,0.41945,0.49767,0.55779,0.59374,0.56167,0.42057,0.14877,0.010963,0.098078,0.13681,0.20965,0.2908,0.32201,0.34553,0.41038,0.40059,0.3576,0.39609
0.19171,0.20009,0.22538,0.22385,0.2436,0.27607,0.27701,0.21872,0.19757,0.2406,0.27211,0.28079,0.37262,0.45209,0.46937,0.51787,0.57789,0.62341,0.60675,0.46491,0.22684,0.028297,0.03613,0.075368,0.15098,0.2507,0.33087,0.4114,0.46981,0.42894,0.32656,0.3223
0.14878,0.17058,0.21194,0.23543,0.26808,0.31476,0.28485,0.19808,0.19239,0.26038,0.31425,0.34858,0.44258,0.51764,0.51785,0.54234,0.592,0.6406,0.63369,0.51273,0.35047,0.099407,0.035885,0.091028,0.17001,0.25348,0.32212,0.40992,0.45703,0.41204,0.32943,0.3495
0.054822,0.077988,0.1753,0.26115,0.30907,0.34118,0.26968,0.19807,0.21151,0.26038,0.32367,0.41202,0.51167,0.56347,0.57438,0.58856,0.61862,0.65049,0.66234,0.59109,0.46799,0.20159,0.085558,0.15153,0.20808,0.26292,0.3071,0.36665,0.39184,0.37801,0.36647,0.38771
0.093725,0.096918,0.20941,0.31387,0.33868,0.34718,0.2744,0.24064,0.26786,0.28398,0.32809,0.43082,0.52819,0.58112,0.61224,0.62699,0.64697,0.67471,0.68945,0.64167,0.53891,0.31288,0.10607,0.15915,0.20198,0.26088,0.29784,0.33925,0.34199,0.35185,0.37618,0.39019
0.15386,0.15763,0.25267,0.32988,0.34789,0.33928,0.28822,0.29106,0.31146,0.32056,0.33955,0.42776,0.53025,0.58921,0.62749,0.64789,0.66875,0.70189,0.72691,0.7002,0.6193,0.33446,0.053518,0.10779,0.18316,0.23572,0.26722,0.29202,0.29863,0.30665,0.34834,0.36275
0.19743,0.22322,0.28979,0.31952,0.33587,0.33015,0.29307,0.29729,0.31597,0.34386,0.3731,0.44577,0.53998,0.60047,0.63717,0.65549,0.67706,0.72245,0.75459,0.72506,0.64767,0.39506,0.038515,0.084569,0.18008,0.2202,0.22892,0.23202,0.2509,0.2799,0.31902,0.34595
0.25975,0.27296,0.29917,0.30403,0.32139,0.31663,0.28799,0.28799,0.30438,0.35658,0.41273,0.47261,0.55252,0.6138,0.64193,0.65316,0.67811,0.72924,0.75964,0.71709,0.63892,0.43043,0.034151,0.017365,0.17711,0.21828,0.21401,0.21848,0.22993,0.25137,0.28547,0.3211
0.31284,0.3038,0.30989,0.30944,0.32485,0.29284,0.29409,0.29281,0.30755,0.38001,0.44912,0.5034,0.56697,0.62543,0.64446,0.6518,0.67542,0.72465,0.75044,0.69423,0.62407,0.45851,0.10798,-0.065353,0.12009,0.18902,0.20886,0.23628,0.22546,0.21543,0.22408,0.26687
0.36396,0.35982,0.3675,0.35343,0.32826,0.26891,0.29896,0.30897,0.32958,0.40748,0.48388,0.53081,0.58711,0.6355,0.64649,0.64853,0.66879,0.71379,0.74381,0.6966,0.61197,0.51706,0.27221,-0.092002,0.053134,0.16414,0.22476,0.26746,0.25099,0.22541,0.21933,0.21456
0.41726,0.41946,0.41985,0.38515,0.33311,0.26789,0.31321,0.32409,0.35869,0.4283,0.50664,0.55665,0.61373,0.64463,0.6446,0.63891,0.65212,0.69821,0.73748,0.70735,0.63914,0.57341,0.4089,-0.0082748,0.00040595,0.13819,0.23575,0.29784,0.28416,0.27086,0.27198,0.25543
0.46534,0.45856,0.45032,0.39679,0.32761,0.29189,0.35368,0.36341,0.3932,0.44378,0.51407,0.57407,0.62962,0.66079,0.65061,0.63509,0.64021,0.68203,0.72808,0.71771,0.65238,0.60739,0.4934,0.07085,-0.037218,0.097651,0.19943,0.28986,0.31457,0.31324,0.31019,0.30488
0.49268,0.47492,0.47153,0.40361,0.32384,0.33509,0.39962,0.42319,0.41445,0.43855,0.49276,0.5778,0.63764,0.66888,0.6517,0.62763,0.63262,0.67384,0.72362,0.71651,0.67288,0.63542,0.54576,0.20988,-0.027344,0.090896,0.19812,0.3013,0.33078,0.32672,0.32535,0.31328
0.50943,0.47243,0.44788,0.37487,0.33381,0.38448,0.45809,0.45993,0.42932,0.414,0.45749,0.54899,0.62749,0.66181,0.64514,0.62256,0.62943,0.66987,0.72047,0.71709,0.68585,0.65088,0.592,0.31769,-0.017135,0.088013,0.20836,0.30735,0.32665,0.30465,0.302,0.29703
0.53965,0.46232,0.37427,0.28579,0.30588,0.42221,0.50716,0.49691,0.43964,0.40465,0.43648,0.53508,0.61198,0.65135,0.63534,0.6169,0.62678,0.66595,0.71482,0.71441,0.69498,0.66111,0.61016,0.40331,0.030981,0.11582,0.23703,0.30823,0.33191,0.31304,0.31964,0.30835
0.53128,0.42603,0.29495,0.19702,0.28288,0.44918,0.53986,0.53324,0.47732,0.422,0.44589,0.54757,0.61166,0.64073,0.62738,0.61423,0.62354,0.66259,0.70988,0.71374,0.71319,0.69257,0.65387,0.4781,0.066856,0.11313,0.2439,0.30553,0.34908,0.35609,0.35754,0.34524
0.49109,0.38295,0.22798,0.1499,0.28148,0.45789,0.55215,0.54362,0.48718,0.43824,0.47354,0.56901,0.61482,0.62758,0.61235,0.60167,0.61543,0.65584,0.70495,0.72825,0.74463,0.73825,0.69918,0.54721,0.1047,0.060017,0.22976,0.31693,0.37281,0.38227,0.32493,0.29324
0.45081,0.34292,0.20381,0.13408,0.26907,0.46102,0.5401,0.5083,0.46005,0.43571,0.48186,0.58119,0.62447,0.62083,0.59905,0.58609,0.60124,0.64229,0.7041,0.74587,0.77404,0.77698,0.73303,0.60032,0.21829,0.020417,0.20419,0.32292,0.36656,0.34138,0.26177,0.24135
0.42249,0.31813,0.21679,0.16853,0.2934,0.48121,0.53799,0.50404,0.46456,0.46614,0.52408,0.59591,0.62883,0.6238,0.59595,0.57464,0.58697,0.62901,0.70772,0.76549,0.79122,0.7902,0.76164,0.65058,0.34571,0.01775,0.17358,0.31706,0.37446,0.34846,0.25322,0.22557
0.42345,0.27331,0.16421,0.19433,0.35598,0.52261,0.54748,0.51064,0.48897,0.48019,0.531,0.59629,0.62691,0.63071,0.59653,0.56408,0.57262,0.62145,0.71032,0.76728,0.78641,0.7837,0.75934,0.67907,0.43454,0.01243,0.13262,0.31015,0.37867,0.364,0.28018,0.25915
0.37362,0.17645,0.063719,0.19765,0.44719,0.57556,0.56572,0.50594,0.45268,0.47087,0.55958,0.6231,0.63976,0.63973,0.60036,0.56131,0.56576,0.61389,0.70777,0.76568,0.77544,0.78008,0.77582,0.70642,0.50022,0.075501,0.10517,0.28369,0.36701,0.39227,0.34018,0.32497
0.29521,0.075114,-0.020025,0.24458,0.51597,0.58641,0.54799,0.47459,0.43088,0.46682,0.58583,0.65389,0.64636,0.63912,0.59939,0.56861,0.56796,0.61135,0.70065,0.75874,0.77523,0.78655,0.78806,0.7162,0.52937,0.14251,0.11076,0.26029,0.34279,0.38949,0.36197,0.35466
0.22417,-0.0081347,-0.026028,0.35755,0.56579,0.6004,0.55078,0.47972,0.43366,0.47932,0.61401,0.68293,0.6576,0.644,0.61184,0.58104,0.5748,0.6135,0.69692,0.75832,0.77553,0.78783,0.78726,0.72618,0.55856,0.24142,0.098759,0.21642,0.29425,0.35648,0.36881,0.36873
0.14472,-0.050437,0.076231,0.4818,0.60624,0.6164,0.57238,0.5184,0.46777,0.52473,0.6355,0.69241,0.66867,0.65791,0.62863,0.59666,0.58614,0.61633,0.69433,0.76047,0.76842,0.78237,0.78398,0.7341,0.58783,0.29369,0.051423,0.17353,0.27657,0.35292,0.38616,0.3668
0.092053,-0.044882,0.23242,0.5644,0.6386,0.64239,0.60155,0.55239,0.51786,0.57482,0.67126,0.70976,0.68597,0.67621,0.63936,0.61152,0.60286,0.62141,0.68612,0.7496,0.75983,0.76954,0.77817,0.74675,0.60632,0.30471,-0.011615,0.13276,0.30027,0.39656,0.42165,0.36847
0.026193,-0.0070092,0.36352,0.60591,0.65345,0.65143,0.61326,0.56922,0.54023,0.60188,0.70134,0.73814,0.70739,0.68551,0.64339,0.61719,0.60581,0.61429,0.66838,0.73002,0.74133,0.75755,0.77801,0.76151,0.62881,0.3213,-0.075392,0.066098,0.32486,0.44772,0.45363,0.37106
-0.019078,0.067859,0.42269,0.61612,0.65818,0.64501,0.61309,0.57153,0.55255,0.60775,0.70315,0.74997,0.71777,0.67755,0.63613,0.60601,0.58583,0.58429,0.63928,0.70229,0.72945,0.75579,0.77958,0.76391,0.65179,0.35854,-0.083357,-0.013221,0.30432,0.45825,0.47458,0.37026
-0.00092834,0.15325,0.46292,0.63485,0.65155,0.62078,0.59984,0.57336,0.55783,0.60292,0.69685,0.7409,0.71546,0.66167,0.62014,0.58435,0.55692,0.55464,0.6175,0.68997,0.73398,0.76469,0.78147,0.76786,0.66686,0.42569,-0.0075672,-0.13501,0.20988,0.42626,0.48062,0.37834
0.068028,0.27737,0.51205,0.63242,0.64286,0.60551,0.59039,0.56926,0.55735,0.60927,0.69723,0.73502,0.70301,0.64251,0.59449,0.56281,0.54715,0.55848,0.62919,0.70519,0.74871,0.7652,0.77285,0.75953,0.67855,0.46933,0.081394,-0.19154,0.13333,0.36892,0.45956,0.37532
0.18872,0.38481,0.55673,0.63765,0.62754,0.58743,0.57255,0.56545,0.56229,0.61651,0.70303,0.72318,0.68515,0.63227,0.5818,0.55924,0.56849,0.59382,0.6392,0.69928,0.74441,0.7598,0.76095,0.74607,0.70131,0.55741,0.20636,-0.1989,0.054057,0.26183,0.39239,0.36771
0.29608,0.45839,0.59026,0.63875,0.60113,0.56587,0.55945,0.56028,0.5628,0.6058,0.67718,0.69315,0.67161,0.63917,0.59486,0.57484,0.59207,0.60871,0.62533,0.67558,0.72584,0.74626,0.74231,0.72363,0.69598,0.58964,0.27403,-0.17454,0.04158,0.23091,0.36212,0.34962
0.36676,0.51473,0.59855,0.61694,0.58238,0.56635,0.5729,0.5863,0.59827,0.61419,0.63851,0.64679,0.6595,0.6395,0.60469,0.58455,0.59273,0.59896,0.60079,0.65275,0.71192,0.73607,0.72929,0.70857,0.69711,0.62127,0.34792,-0.149,-0.01584,0.20004,0.3159,0.31544
0.43831,0.55015,0.59428,0.59557,0.57143,0.56431,0.56882,0.59012,0.60771,0.61315,0.60959,0.61445,0.64597,0.62958,0.59559,0.573,0.57528,0.57427,0.58348,0.64263,0.69759,0.72372,0.71392,0.69114,0.68151,0.61971,0.40334,-0.045878,-0.019613,0.19046,0.29735,0.29438
0.53736,0.59477,0.59818,0.58288,0.57598,0.5754,0.57047,0.5809,0.60239,0.60783,0.60141,0.60846,0.63351,0.62229,0.57749,0.55453,0.55159,0.55555,0.58572,0.63597,0.69136,0.7096,0.69375,0.67106,0.65599,0.59492,0.43414,0.065985,-0.01367,0.19896,0.29053,0.27963
0.60548,0.6305,0.60562,0.57809,0.57433,0.58457,0.58177,0.58064,0.58525,0.60174,0.59329,0.60452,0.62723,0.62516,0.57528,0.54736,0.5375,0.54263,0.57452,0.62509,0.676,0.69068,0.67121,0.65302,0.63558,0.58337,0.45481,0.14877,-0.0039549,0.20161,0.28722,0.26665
0.63212,0.63395,0.58365,0.54747,0.54474,0.57417,0.59552,0.58916,0.58664,0.6136,0.59621,0.60216,0.62326,0.62627,0.57087,0.54592,0.53736,0.53248,0.55377,0.61391,0.66772,0.67332,0.64598,0.62722,0.61006,0.56738,0.45755,0.21175,0.047023,0.2273,0.29908,0.25494
0.60044,0.59358,0.54054,0.51581,0.5254,0.56128,0.58629,0.57093,0.56855,0.60678,0.59823,0.6016,0.63325,0.62281,0.55547,0.53613,0.53433,0.52157,0.53352,0.60193,0.65579,0.65223,0.61912,0.60067,0.59018,0.55707,0.46503,0.2684,0.10057,0.25078,0.31251,0.24984
0.54223,0.54965,0.524,0.51103,0.5087,0.53242,0.5567,0.55975,0.55585,0.57943,0.5714,0.58454,0.62545,0.61699,0.5382,0.5217,0.52938,0.51573,0.52155,0.59127,0.64052,0.62885,0.59388,0.56969,0.56726,0.55313,0.47507,0.31815,0.13841,0.23106,0.31505,0.26889
0.50399,0.52289,0.52251,0.52918,0.52162,0.51945,0.53945,0.56331,0.55854,0.54908,0.53168,0.54926,0.58596,0.58584,0.51839,0.50697,0.5176,0.51158,0.51843,0.58689,0.62677,0.60591,0.56733,0.53798,0.5438,0.54613,0.49538,0.36482,0.16338,0.20776,0.30743,0.31005
0.49595,0.5027,0.5271,0.57359,0.57667,0.55721,0.55621,0.58497,0.58006,0.51903,0.50498,0.52649,0.54362,0.53266,0.47556,0.48051,0.50356,0.50112,0.51541,0.57294,0.60964,0.58023,0.5417,0.51055,0.52135,0.53839,0.50613,0.39664,0.16177,0.18135,0.28927,0.32902
0.4975,0.48862,0.52025,0.60221,0.62983,0.60804,0.58662,0.59621,0.56878,0.48802,0.49363,0.52595,0.53181,0.50412,0.4338,0.45171,0.48662,0.48471,0.4996,0.55402,0.59016,0.55663,0.51263,0.48337,0.50406,0.52497,0.5029,0.3962,0.147,0.16342,0.27506,0.33702
0.48986,0.47387,0.49631,0.58846,0.65222,0.64664,0.60134,0.56592,0.52179,0.45949,0.47805,0.5185,0.53396,0.49377,0.41594,0.43676,0.47487,0.467,0.48306,0.53248,0.55982,0.52843,0.48545,0.45954,0.48622,0.50752,0.48151,0.3984,0.1635,0.14086,0.24309,0.33368
NaN,0.46896,0.45804,0.53277,0.61712,0.64357,0.58838,0.51709,0.46606,0.44567,0.47709,0.49921,0.51671,0.47311,0.38967,0.41676,0.44907,0.43977,0.45977,0.51349,0.54132,0.50746,0.46306,0.44039,0.46422,0.48008,0.45408,0.38568,0.17166,0.099571,0.19436,0.31789
NaN,NaN,0.37707,0.42641,0.50124,0.56014,0.54924,0.52344,0.50801,0.49463,0.49664,0.47584,0.49459,0.44788,0.36605,0.39537,0.42174,0.41208,0.44051,0.51119,0.53688,0.49512,0.44727,0.42151,0.43659,0.44633,0.42094,0.33282,0.13471,0.018383,0.14868,0.32765
NaN,NaN,0.29854,0.33288,0.35754,0.44549,0.53359,0.58383,0.57412,0.5324,0.48794,0.44851,0.47501,0.43378,0.35302,0.38248,0.40605,0.38976,0.42234,0.4989,0.51686,0.47272,0.43229,0.40968,0.40433,0.41575,0.39559,0.30874,0.12171,-0.013282,0.12894,0.32969
NaN,NaN,NaN,0.2856,0.30825,0.39735,0.51606,0.59134,0.57855,0.5181,0.45961,0.43023,0.45173,0.40393,0.33295,0.37069,0.39472,0.37955,0.4073,0.47784,0.4886,0.44201,0.42107,0.39564,0.38074,0.39352,0.37882,0.30926,0.14378,-0.028863,0.13476,0.34627
NaN,NaN,NaN,NaN,0.37423,0.41699,0.47741,0.51618,0.52462,0.47923,0.44117,0.41299,0.42499,0.36438,0.29895,0.34701,0.37722,0.36665,0.3947,0.4566,0.45307,0.41769,0.40547,0.38455,0.35805,0.37317,0.36423,0.30225,0.1643,0.0090964,0.14155,0.35665
NaN,NaN,NaN,NaN,NaN,NaN,0.43669,0.44424,0.47537,0.46139,0.43292,0.40975,0.41427,0.33774,0.25465,0.30942,0.34568,0.3369,0.36631,0.41687,0.41804,0.39967,0.39671,0.37064,0.34444,0.35254,0.34295,0.27291,0.14375,0.024522,0.15105,0.35431
NaN,NaN,NaN,NaN,NaN,NaN,0.42294,0.43342,0.50911,0.50338,0.46313,0.43452,0.42485,0.33506,0.23171,0.27092,0.30417,0.30428,0.33937,0.3817,0.38933,0.39916,0.39502,0.3508,0.32501,0.33754,0.32918,0.25098,0.12744,0.011463,0.11612,0.32835
NaN,NaN,NaN,NaN,NaN,NaN,NaN,0.42999,0.5121,0.49806,0.46891,0.44908,0.43487,0.35205,0.22324,0.2457,0.27201,0.27389,0.31182,0.35598,0.38475,0.40444,0.39115,0.33862,0.31031,0.32818,0.33279,0.25496,0.13192,0.0057648,0.069839,0.27554
NaN,NaN,NaN,NaN,NaN,NaN,NaN,0.40898,0.43539,0.43067,0.45759,0.47189,0.46612,0.39562,0.23666,0.22878,0.25109,0.24878,0.27215,0.33264,0.38416,0.40824,0.38534,0.33433,0.29866,0.31725,0.33587,0.27665,0.16334,0.012444,-0.0050831,0.19258
NaN,NaN,NaN,-0.21079,-0.22646,NaN,NaN,NaN,0.43421,0.44179,0.47702,0.49689,0.50338,0.44877,0.25187,0.21831,0.23184,0.218,0.22518,0.29904,0.37688,0.39645,0.37859,0.34899,0.29518,0.29591,0.32268,0.29039,0.20708,0.087216,0.01408,0.16164
NaN,-0.031,-0.12168,-0.20535,-0.18266,-0.045595,NaN,NaN,0.43633,0.47162,0.50675,0.51982,0.53461,0.51019,0.27955,0.20068,0.20791,0.18501,0.17438,0.2481,0.32858,0.34902,0.37476,0.37285,0.3154,0.28779,0.30369,0.294,0.24823,0.15746,0.11441,0.20009
-0.12061,-0.10391,-0.10111,-0.081516,-0.029995,0.11717,NaN,NaN,0.47667,0.50888,0.53594,0.52902,0.55598,0.5389,0.27246,0.16348,0.16957,0.15971,0.15272,0.22598,0.28954,0.31896,0.37735,0.40202,0.34364,0.29798,0.30504,0.30788,0.27813,0.21355,0.15917,0.1934
-0.13373,-0.12239,-0.07659,0.059377,0.19007,0.24703,NaN,NaN,0.5556,0.58074,0.54072,0.52383,0.55973,0.53137,0.24514,0.10484,0.10907,0.13267,0.14729,0.20822,0.26281,0.30821,0.38073,0.40004,0.36213,0.31381,0.30499,0.30873,0.28567,0.23375,0.18979,0.2168
-0.015242,-0.037477,-0.022739,0.19041,0.32972,NaN,NaN,NaN,NaN,0.62954,0.51857,0.51609,0.54762,0.50363,0.21966,0.046327,0.054293,0.10595,0.13566,0.18483,0.24189,0.31336,0.35586,0.36379,0.35428,0.31801,0.2985,0.29763,0.2776,0.23563,0.20306,0.21071
0.084664,0.017439,0.021807,0.36714,0.44018,NaN,0.54594,0.54802,NaN,0.57977,0.49034,0.50029,0.51889,0.48327,0.23456,0.026999,0.025937,0.076293,0.11334,0.1702,0.23385,0.30095,0.33364,0.33574,0.33231,0.30923,0.2939,0.29196,0.28284,0.25135,0.20927,0.19293
0.0077312,-0.017995,0.071374,0.39654,0.49516,0.52207,0.53924,0.52844,NaN,NaN,0.45401,0.48995,0.49037,0.48051,0.29599,0.065712,0.043714,0.075325,0.10646,0.17274,0.23645,0.29795,0.3418,0.34223,0.32717,0.30673,0.2945,0.29235,0.28486,0.25511,0.21627,0.17539
-0.06265,-0.067043,0.022546,0.28099,0.42062,0.47334,0.51053,0.51519,NaN,NaN,NaN,0.54282,0.50942,0.48319,0.34847,0.13753,0.079617,0.088218,0.11539,0.18321,0.25121,0.32318,0.37258,0.37112,0.34895,0.32538,0.31764,0.31257,0.28871,0.24919,0.19655,0.14872
NaN,NaN,0.0014202,0.22594,0.3754,0.41631,0.48981,0.51564,0.51653,0.53155,0.58472,NaN,0.5062,0.42583,0.32366,0.21758,0.11053,0.061939,0.095969,0.16468,0.24641,0.3213,0.39215,0.40571,0.38114,0.34989,0.34633,0.34026,0.29717,0.24292,0.18852,0.13465
0.14647,NaN,NaN,0.27192,0.36498,0.42752,0.49562,0.5116,0.51874,0.53241,0.57023,NaN,0.3617,0.29298,0.28555,0.27643,0.18018,0.047289,NaN,0.14558,0.2107,0.2706,0.33863,0.39621,0.40073,0.36774,0.35138,0.33974,0.30106,0.24441,0.20766,0.15915
0.2343,0.35684,0.38447,0.41251,0.40196,0.4398,0.49741,0.5065,0.5153,0.538,0.57239,0.46751,0.27741,0.23025,0.26411,NaN,NaN,NaN,NaN,NaN,NaN,0.16009,0.21858,0.31938,0.35585,0.31788,0.30293,0.3029,0.28263,0.26529,0.2574,0.23594
0.40501,0.44192,0.41162,0.37299,0.36434,0.40578,0.47719,0.49774,0.51759,0.55424,0.60488,NaN,NaN,NaN,NaN,NaN,NaN,NaN,NaN,NaN,NaN,NaN,0.18587,0.27092,0.33977,0.31199,0.28743,0.26989,0.27031,0.29058,0.30676,0.29205
0.23027,0.34642,0.36783,0.34609,0.3537,0.39633,0.45944,0.49583,0.50312,0.50404,NaN,NaN,NaN,NaN,NaN,NaN,NaN,NaN,NaN,NaN,NaN,NaN,NaN,NaN,0.28581,0.29961,0.29002,0.25746,0.24028,0.26688,0.30378,0.31315
0.3112,0.39156,0.37718,0.36044,0.38698,0.41985,0.47495,0.50362,0.48756,0.45259,NaN,NaN,NaN,NaN,NaN,NaN,NaN,NaN,NaN,NaN,NaN,NaN,NaN,NaN,NaN,0.31136,0.33182,0.29317,0.24918,0.25367,0.27866,0.28179
0.39832,0.37856,0.38138,0.38608,0.42634,0.47537,0.5057,0.51228,0.47106,0.40441,NaN,NaN,NaN,NaN,NaN,NaN,NaN,NaN,NaN,NaN,NaN,NaN,NaN,NaN,NaN,0.28948,0.31752,0.28239,0.23886,0.24003,0.26405,NaN
0.42589,0.37971,0.37168,0.39501,0.45235,0.51317,0.5331,0.49827,0.45123,0.41247,NaN,NaN,NaN,NaN,NaN,NaN,NaN,NaN,NaN,NaN,NaN,NaN,NaN,NaN,NaN,NaN,NaN,NaN,NaN,NaN,NaN,NaN
0.46762,0.41864,0.4031,0.42545,0.49137,0.54644,0.54486,0.47855,0.41909,0.36501,NaN,NaN,NaN,NaN,NaN,NaN,NaN,NaN,NaN,NaN,NaN,NaN,NaN,NaN,NaN,NaN,NaN,NaN,NaN,NaN,NaN,NaN
0.53188,0.50568,0.46681,0.45528,0.49921,0.54432,0.53624,0.47214,0.41541,0.34525,0.25856,NaN,NaN,NaN,NaN,NaN,NaN,NaN,NaN,NaN,NaN,NaN,NaN,NaN,NaN,NaN,NaN,NaN,NaN,NaN,NaN,NaN
0.55452,0.5196,0.4599,0.44084,0.47665,0.51554,0.52265,0.48299,0.42992,0.35842,NaN,NaN,NaN,NaN,NaN,NaN,NaN,NaN,NaN,NaN,NaN,NaN,NaN,NaN,NaN,NaN,NaN,NaN,NaN,NaN,NaN,NaN
0.5246,0.47186,0.41158,0.39693,0.44168,0.47507,0.48334,0.46215,0.43207,0.37937,0.3247,NaN,NaN,NaN,NaN,NaN,NaN,NaN,NaN,NaN,NaN,NaN,NaN,NaN,NaN,NaN,NaN,NaN,NaN,NaN,NaN,NaN
0.4539,0.38517,0.34652,0.35744,0.40702,0.45137,0.44695,0.42435,0.40743,0.38582,0.35837,0.33912,NaN,NaN,NaN,NaN,NaN,NaN,NaN,NaN,NaN,NaN,NaN,NaN,NaN,NaN,NaN,NaN,NaN,NaN,NaN,NaN
0.38332,0.31658,0.31227,0.32879,0.38727,0.43641,0.42384,0.40425,0.3757,0.36569,0.35653,0.34664,NaN,NaN,NaN,NaN,NaN,NaN,NaN,NaN,NaN,NaN,NaN,NaN,NaN,NaN,NaN,NaN,NaN,NaN,NaN,NaN
0.3735,0.33017,0.32878,0.34598,0.35902,0.40001,0.39605,0.377,0.3476,0.33678,0.32668,0.33701,0.36007,NaN,NaN,NaN,NaN,NaN,NaN,NaN,NaN,NaN,NaN,NaN,NaN,NaN,NaN,NaN,NaN,NaN,NaN,NaN
0.38881,0.33293,0.34353,0.35929,0.35528,0.36908,0.36959,0.34612,0.31188,0.29996,0.29208,0.32194,0.36539,NaN,NaN,NaN,NaN,NaN,NaN,NaN,NaN,NaN,NaN,NaN,NaN,NaN,NaN,NaN,NaN,NaN,NaN,NaN
0.39249,0.33318,0.34236,0.35494,0.34646,0.33848,0.33705,0.30835,0.27728,0.26513,0.26531,0.2997,0.35585,NaN,NaN,NaN,NaN,NaN,NaN,NaN,NaN,NaN,NaN,NaN,NaN,NaN,NaN,NaN,NaN,NaN,NaN,NaN
0.34788,0.27587,0.30564,0.33475,0.32093,0.31212,0.31459,0.29057,0.25421,0.24363,0.26486,0.29247,0.30157,0.33375,0.3839,NaN,NaN,NaN,NaN,NaN,NaN,NaN,NaN,NaN,NaN,NaN,NaN,NaN,NaN,NaN,NaN,NaN
0.28712,0.22353,0.25744,0.28885,0.27622,0.27924,0.28617,0.27027,0.23463,0.24172,0.28155,0.29281,0.26546,0.29805,0.38603,0.40679,NaN,NaN,NaN,NaN,NaN,NaN,NaN,NaN,NaN,NaN,NaN,NaN,NaN,NaN,NaN,0.28554
0.24752,0.20585,0.24264,0.25225,0.23607,0.25586,0.27249,0.25648,0.22695,0.23436,0.27829,0.297,0.28796,0.29176,0.33424,0.34528,NaN,NaN,NaN,NaN,NaN,NaN,NaN,NaN,NaN,NaN,NaN,NaN,NaN,0.37655,0.38355,0.39226
0.28876,0.24236,0.26007,0.23609,0.2169,0.24662,0.26803,0.26169,0.2423,0.25234,0.27478,0.29856,0.31856,0.3159,0.30076,0.28184,0.25385,NaN,NaN,NaN,NaN,NaN,NaN,NaN,NaN,NaN,NaN,NaN,0.38861,0.42829,0.39651,0.38181
0.28543,0.21219,0.20135,0.18531,0.20597,0.24946,0.27114,0.27404,0.27604,0.29552,0.309,0.31381,0.34509,0.34031,0.29694,0.27378,0.22046,NaN,NaN,NaN,NaN,NaN,NaN,NaN,NaN,NaN,NaN,NaN,0.42721,0.42111,0.36945,0.35291
0.23706,0.14204,0.12368,0.14534,0.18947,0.23835,0.26251,0.27127,0.30015,0.35464,0.38137,0.35557,0.34074,0.31643,0.2974,0.29591,0.21941,0.16717,NaN,NaN,NaN,NaN,NaN,NaN,NaN,NaN,NaN,0.38124,0.43132,0.41657,0.35987,0.31695
0.18049,0.08061,0.090554,0.15138,0.17661,0.2137,0.24484,0.25933,0.28313,0.35978,0.43208,0.41411,0.3672,0.33029,0.33505,0.34206,0.26273,0.18669,NaN,NaN,NaN,NaN,NaN,NaN,NaN,0.28007,0.32905,0.37754,0.41776,0.4185,0.37446,0.29765
0.098521,0.030353,0.090942,0.16227,0.17244,0.20472,0.23772,0.24834,0.2592,0.32499,0.41485,0.42599,0.38452,0.34966,0.35332,0.33351,0.2616,0.19772,NaN,NaN,NaN,NaN,0.28485,0.27932,0.24457,0.24427,0.2979,0.35017,0.40879,0.42576,0.38253,0.30741
0.031788,0.015778,0.10322,0.15968,0.16492,0.19732,0.23007,0.248,0.24305,0.27698,0.36032,0.40276,0.38887,0.37992,0.35875,0.31149,0.29301,0.27479,0.23821,NaN,NaN,0.26059,0.23281,0.25292,0.24793,0.22663,0.23259,0.3123,0.39889,0.42015,0.36177,0.27745
-0.014031,-0.03702,0.052881,0.12044,0.14223,0.18077,0.2229,0.2388,0.23776,0.25686,0.31728,0.36011,0.36164,0.38887,0.36321,0.30707,0.31154,0.31273,0.27734,0.28453,0.30742,0.24342,0.14825,0.14874,0.19318,0.168,0.17582,0.27885,0.40333,0.43269,0.35328,0.24463
-0.040942,-0.055807,0.01754,0.089615,0.11998,0.15918,0.20045,0.21543,0.22368,0.27048,0.31796,0.33684,0.37002,0.40424,0.35205,0.29003,0.30834,0.31728,0.29481,0.30375,0.32608,0.23725,0.10134,0.08316,0.1301,0.134,0.14627,0.27142,0.42042,0.45456,0.3599,0.23521
-0.083819,-0.066648,0.019152,0.08921,0.11462,0.13455,0.16661,0.18437,0.21556,0.29502,0.33743,0.33376,0.38262,0.41022,0.32107,0.24982,0.28064,0.28549,0.26104,0.27198,0.31825,0.25122,0.11222,0.080326,0.104,0.10098,0.11926,0.25842,0.43323,0.46946,0.37418,0.2365
-0.13276,-0.065199,0.022701,0.10919,0.12692,0.12532,0.14093,0.16894,0.22986,0.307,0.32954,0.31941,0.37139,0.39171,0.28598,0.2265,0.2502,0.23817,0.21616,0.21355,0.30002,0.26762,0.15505,0.10354,0.089603,0.064068,0.087458,0.24959,0.44409,0.48327,0.40117,0.25945
-0.15953,-0.056826,0.038549,0.12192,0.14391,0.12545,0.12825,0.17058,0.23028,0.26625,0.27822,0.28795,0.34675,0.34403,0.26001,0.21981,0.22413,0.20032,0.19494,0.18866,0.25466,0.26048,0.17684,0.11446,0.077022,0.052361,0.085824,0.25728,0.44094,0.48304,0.41682,0.26781
-0.16722,-0.063046,0.023015,0.10438,0.1205,0.10027,0.10884,0.14671,0.1836,0.19392,0.22508,0.26987,0.31613,0.28113,0.23685,0.20484,0.18419,0.16126,0.18329,0.18448,0.22466,0.23019,0.17472,0.11003,0.077804,0.075762,0.12128,0.27583,0.44029,0.48123,0.43008,0.27276
-0.11142,-0.040212,0.013132,0.067694,0.063325,0.038823,0.046736,0.085764,0.12334,0.15685,0.21606,0.27241,0.29227,0.24662,0.23591,0.18832,0.13084,0.11334,0.16456,0.19381,0.18791,0.18652,0.17984,0.12198,0.08381,0.10377,0.17053,0.29615,0.41966,0.4719,0.44802,0.31086
-0.080891,-0.018735,0.027332,0.059381,0.019475,-0.024842,-0.013802,0.022382,0.067291,0.12815,0.20811,0.26323,0.2706,0.21783,0.18806,0.12816,0.083673,0.070641,0.14155,0.20504,0.20005,0.18339,0.19003,0.12956,0.09276,0.12003,0.18186,0.2933,0.39964,0.44488,0.43932,0.32518
-0.060998,-0.020573,0.035998,0.046247,-0.037173,-0.079043,-0.03971,0.00065553,0.033217,0.086582,0.16212,0.22198,0.23149,0.16366,0.12035,0.087584,0.070135,0.055766,0.13174,0.2363,0.25179,0.17865,0.16434,0.13661,0.12053,0.14217,0.18808,0.27902,0.38973,0.43336,0.43558,0.35501
-0.075703,-0.037999,0.031932,0.071172,-0.023195,-0.10498,-0.084238,-0.02734,0.017071,0.048667,0.13212,0.21542,0.22378,0.14829,0.093637,0.074169,0.055627,0.041232,0.11674,0.2445,0.27354,0.18367,0.14427,0.13496,0.13174,0.16041,0.19218,0.26278,0.36638,0.41397,0.41072,0.35072
-0.10555,-0.071884,-0.034847,NaN,NaN,NaN,NaN,NaN,NaN,NaN,0.13178,0.21942,0.237,0.17484,0.079008,0.047265,0.012109,0.010911,0.080571,0.1996,0.24808,0.1727,0.10403,0.097831,0.1256,0.18306,0.21826,0.27108,0.37166,0.4231,0.40492,0.35736
-0.11028,-0.094219,NaN,NaN,NaN,NaN,NaN,NaN,NaN,NaN,NaN,NaN,0.25203,0.20939,0.066979,0.0075447,-0.029059,-0.023895,0.027141,0.12879,0.22908,0.2003,0.10597,0.060613,0.10996,0.20106,0.24571,0.29017,0.36924,0.42617,0.40512,0.35515
-0.11218,NaN,NaN,NaN,NaN,NaN,NaN,NaN,NaN,NaN,NaN,NaN,0.25081,0.22824,0.045789,-0.038894,-0.063134,-0.045316,-0.0097681,0.06481,0.18376,0.20364,0.10783,0.037639,0.092848,0.20003,0.26395,0.31256,0.38251,0.44118,0.42152,0.35722
NaN,NaN,NaN,NaN,NaN,NaN,NaN,NaN,NaN,NaN,NaN,NaN,NaN,0.23831,0.070211,-0.060872,-0.08148,-0.0461,0.006256,0.067595,0.16205,0.17696,0.11918,0.065296,0.10772,0.20587,0.27768,0.3441,0.41528,0.45562,0.43819,0.37169
NaN,NaN,NaN,NaN,NaN,NaN,NaN,NaN,NaN,NaN,NaN,NaN,NaN,NaN,0.12045,-0.054932,-0.1009,-0.058545,0.026144,0.071014,0.11978,0.12894,0.097954,0.08305,0.13499,0.22442,0.28378,0.34963,0.41971,0.4521,0.44521,0.39649
NaN,NaN,NaN,NaN,NaN,NaN,NaN,NaN,NaN,NaN,NaN,NaN,NaN,0.15774,0.12119,-0.045068,-0.1176,-0.065371,0.04829,0.072913,0.07593,0.088981,0.059378,0.058597,0.14388,0.23577,0.2827,0.34633,0.41715,0.44554,0.44193,0.40394
NaN,NaN,NaN,NaN,NaN,NaN,NaN,NaN,NaN,NaN,NaN,NaN,NaN,0.078468,0.091491,-0.018197,-0.11099,-0.086758,0.026299,0.051056,0.046671,0.065999,0.03818,0.034628,0.1311,0.23141,0.27887,0.34468,0.41827,0.44843,0.44631,0.40133
NaN,NaN,NaN,NaN,NaN,NaN,NaN,NaN,NaN,NaN,NaN,NaN,NaN,0.013415,0.083654,0.011515,-0.096419,-0.1236,-0.030147,0.0044774,0.016315,0.047497,0.028079,0.014832,0.09653,0.22037,0.27231,0.33564,0.40963,0.44523,0.45175,0.41492
