0.0092176,0.025274,0.044543,0.033208,0.023788,0.014232,0.0086539,0.0014392,-0.0024085,-0.0017988,-0.0060758,-0.0078312,-0.024223,-0.00070633,0.00013756,-0.0052399,-0.012493,-0.0046556,-0.011773,-0.021178,-0.026407,-0.021394,-0.013084,-0.0077328,-0.0047588,-0.0014754,0.0014896,0.0038559,0.0059241,0.006773,0.0068321,0.0065224
0.0092015,0.015864,0.039132,0.041106,0.032802,0.028153,0.020743,0.0037695,-0.00081105,-0.0094524,-0.0061425,-0.011172,-0.0054428,-0.0045541,-0.0016886,-0.0074461,-0.010225,-0.016245,-0.0056307,-0.014838,-0.023962,-0.021698,-0.013024,-0.007849,-0.0055848,-0.0022952,0.00078512,0.0027304,0.0044488,0.0055492,0.0060262,0.0064518
0.018045,0.011512,0.022788,0.028317,0.027781,0.035958,0.031293,0.0135,-0.00019342,-0.0071632,-0.01778,-0.010646,-0.0092239,-0.0031552,-0.0026772,-0.0041887,-0.003808,-0.023453,-0.030732,-0.0086952,-0.018603,-0.020969,-0.013478,-0.0082324,-0.0064926,-0.0034174,-4.3811e-05,0.0017739,0.0033138,0.0044412,0.0050678,0.0059982
0.024911,0.019747,0.013838,0.015649,0.020478,0.0062335,0.0080058,0.015032,-0.0007551,-0.0089278,-0.0292,-0.011173,-0.012348,-0.0072828,-0.0065772,-0.0090808,-0.01183,-0.010894,-0.0082844,-0.040164,-0.014011,-0.018655,-0.013794,-0.0089234,-0.0069872,-0.0042159,-0.00073972,0.0013583,0.0026668,0.003641,0.0043661,0.0055277
0.023461,0.019531,0.0164,0.0067072,0.023854,0.0078003,0.010563,0.0052084,-0.00023518,-0.01499,-0.0071351,-0.015436,-0.01382,-0.0083068,-0.0060526,-0.0064681,-0.011325,-0.018576,-0.017817,-0.012023,-0.011775,-0.014774,-0.01347,-0.0098649,-0.0075938,-0.0049755,-0.0016097,0.0010918,0.0024923,0.0030001,0.0039576,0.0053929
0.01439,0.019728,0.010435,0.018808,0.023803,0.0098893,0.013036,0.0071975,0.0010436,-0.0034283,-0.011703,-0.016948,-0.012349,-0.00658,-0.0031628,-0.020318,-0.034205,-0.012595,-0.020421,-0.015658,-0.01131,-0.011805,-0.01326,-0.011357,-0.0087084,-0.0059235,-0.0022446,0.0010495,0.0024912,0.0023619,0.003146,0.005039
0.007418,0.0083361,0.010935,0.025602,0.023856,0.012928,0.014342,0.0072076,-0.00033241,-0.0065703,-0.013431,-0.015172,-0.010723,-0.0061162,-0.026224,-0.018505,-0.024486,-0.055139,-0.01741,-0.017543,-0.011496,-0.010259,-0.013088,-0.012287,-0.0090391,-0.0056711,-0.0016198,0.0016285,0.0024872,0.0015459,0.0014595,0.00303
0.0097955,0.009362,0.017929,0.017949,0.0098694,0.016004,0.013962,0.0059186,-0.002638,-0.010133,-0.015478,-0.01505,-0.01038,-0.0055711,-0.028926,-0.02439,-0.023843,-0.042219,-0.01597,-0.018129,-0.010848,-0.0090278,-0.012829,-0.012251,-0.0080312,-0.0038168,0.00027195,0.0025698,0.0099685,0.0070483,0.0050807,0.00028733
0.0089487,0.011142,0.019408,0.036231,0.014604,0.017129,0.011535,0.0045547,-0.0045299,-0.013008,-0.017443,-0.015008,-0.0086321,-0.029455,-0.023796,-0.021495,-0.019454,-0.026851,-0.015726,-0.017075,-0.0093384,-0.0083308,-0.013548,-0.012295,-0.006603,-0.0017712,0.0020484,0.011704,0.0070929,0.0031025,0.002002,0.0014416
0.0096488,0.023464,0.031866,0.014322,0.02187,0.018669,0.011064,0.0039562,-0.0051873,-0.012853,-0.01529,-0.011936,-0.0066513,-0.026023,-0.0028027,-0.026063,-0.0036507,-0.0064209,-0.015371,-0.015821,-0.0087703,-0.0088497,-0.014801,-0.011944,-0.0047561,0.00044872,0.0026845,0.008166,0.0020635,-0.0012564,-0.0012404,-0.0020118
0.0088484,0.023046,0.0094149,0.020622,0.027833,0.02154,0.0124,0.0040698,-0.0048,-0.011495,-0.011905,-0.0081658,-0.0065843,-0.0063002,-0.0080414,-0.0094249,-0.0078798,-0.062908,-0.013536,-0.014735,-0.0090538,-0.0091476,-0.014454,-0.0097219,-0.00225,0.0018934,0.0084401,0.0036033,-0.0013121,-0.0019783,-0.00096919,-0.0010568
0.0026955,0.0054102,0.011078,0.021976,0.026978,0.021993,0.012923,0.0048982,-0.0025741,-0.0088497,-0.0086152,-0.0055548,-0.0065961,-0.010247,-0.01452,-0.015625,-0.010506,-0.069982,-0.011261,-0.012659,-0.008654,-0.0083704,-0.012203,-0.006832,-0.00029235,0.0015978,0.00413,0.0012275,-0.001284,0.00056835,0.00031195,-0.0013016
0.0039473,0.0062775,0.009659,0.017238,0.02219,0.01989,0.013474,0.007236,0.0016105,-0.004361,-0.0060025,-0.0039307,-0.005034,-0.010266,-0.014837,-0.014351,-0.010078,-0.0080418,-0.0099168,-0.010566,-0.0075889,-0.0077375,-0.0095567,-0.0047128,-0.00018244,0.0074837,0.0026171,0.00047471,0.000988,0.0025932,0.00028193,-0.0028107
0.003646,0.0057895,0.007612,0.012632,0.01834,0.018877,0.015053,0.010503,0.0056328,-0.00070183,-0.0042547,-0.036657,-0.037559,-0.0091177,-0.012047,-0.010519,-0.0084105,-0.0080987,-0.010019,-0.010131,-0.0078589,-0.0071974,-0.0059873,-0.0021925,0.0016998,0.0037598,0.0024485,0.0021238,0.0029539,0.0024957,-0.0015808,-0.0049227
0.0032993,0.0047207,0.0060115,0.0095857,0.015392,0.01837,0.016723,0.01321,0.0081414,0.0019115,-0.0030144,-0.0043889,-0.0056775,-0.0087241,-0.0097959,-0.0079784,-0.0075328,-0.008919,-0.010807,-0.010888,-0.0095924,-0.0066111,-0.0020585,0.00093587,0.0041399,0.0018412,0.0022086,0.0042361,0.0037371,0.0012219,-0.0028048,-0.0061941
0.0032101,0.00366,0.004309,0.0069209,0.011635,0.016172,0.016788,0.013979,0.0092762,0.0043058,-0.00055809,-0.0033362,-0.0046389,-0.0061251,-0.0065896,-0.004986,-0.0050119,-0.0074152,-0.010106,-0.011925,-0.011695,-0.0067485,-0.00027352,0.001394,0.0027619,0.00072366,0.0024559,0.0051606,0.0038617,-0.0001043,-0.0041541,-0.0084296
0.0029861,0.0027136,0.0030937,0.0051193,0.0089875,0.013866,0.015739,0.013831,0.010125,0.0061196,0.0018995,-0.00064476,-0.0020669,-0.0033293,-0.0038067,-0.002263,-0.0016518,-0.0040433,-0.0087821,-0.014021,-0.015057,-0.0077049,-0.0088573,-0.0023931,-0.0011769,0.0017697,0.004478,0.0040805,0.0027019,-0.001239,-0.0059298,-0.0074868
0.0028803,0.0020308,0.0021443,0.003995,0.0081844,0.012792,0.014861,0.013793,0.011205,0.0075949,0.0032458,0.00064257,-0.00098369,-0.0022323,-0.0028049,-0.0015893,-0.0015241,-0.013145,-0.007234,-0.016206,-0.018769,-0.0094859,-0.018532,-0.010226,-0.0045343,0.0029623,0.0073246,0.0058876,0.0017672,-0.0013509,-0.0041188,-0.0048004
0.0029845,0.0015084,0.00082843,0.0030208,0.007665,0.011729,0.013408,0.013138,0.012215,0.0091865,0.0040648,0.00087126,-0.00055964,-0.0015795,-0.002013,-0.0013698,-0.00048753,-0.0011421,-0.0051355,-0.014695,-0.020448,-0.013036,-0.02976,-0.016979,-0.0066477,0.0040012,0.0073649,0.0046376,0.0010118,0.00025124,-0.00017521,-0.00077864
0.0028249,0.00099943,3.963e-05,0.0024566,0.0065607,0.0098686,0.011073,0.011531,0.012535,0.011079,0.0056885,0.001836,0.00055346,-0.00066281,-0.0012329,-0.0011315,-0.00051896,-0.0040761,-0.017743,-0.0089297,-0.018612,-0.017487,-0.0090539,-0.0040581,-0.0036493,0.0051118,0.0051188,0.002219,0.00037204,0.0019612,0.0019864,0.00066425
0.0021934,0.00072475,0.00065747,0.0027513,0.0054409,0.0077597,0.0081855,0.008782,0.011437,0.012476,0.0083118,0.0040846,0.0021318,0.00024775,-0.00069869,-0.00091613,-0.00043897,-0.00036517,-0.005133,-0.029191,-0.014321,-0.020757,-0.014332,-0.0059068,9.0688e-05,0.010433,0.0061053,-5.4418e-05,-0.00050766,0.0021025,0.0016355,-0.00076365
0.00089655,0.00061711,0.0018571,0.0032095,0.0041502,0.0048127,0.0043261,0.00464,0.0083988,0.012119,0.010861,0.0072005,0.0043165,0.0018092,-0.0002153,-0.0013933,-0.0011147,-0.00095114,0.00088821,-0.014239,-0.010564,-0.020811,-0.014977,-0.0057058,-0.00024931,0.0102,0.0046708,-0.0026352,-0.002184,0.0026734,0.0012952,-0.0018676
-0.00066829,-9.3367e-05,0.001784,0.002502,0.0020936,0.0017482,0.00052445,0.00055285,0.0047339,0.010339,0.012549,0.010532,0.0071467,0.0038989,0.00051483,-0.0027036,-0.0038071,-0.0014594,-0.0012393,-0.010151,-0.063096,-0.020618,-0.075833,-0.029513,-0.0036986,0.0034099,-0.001978,-0.00606,-0.0032462,0.0029463,0.0026907,-0.00067609
-0.0018318,-0.0010695,0.00095689,0.001002,-4.0865e-05,-0.0005379,-0.0020062,-0.0023314,0.0018351,0.0083572,0.013385,0.013184,0.0094527,0.0054877,0.001436,-0.0035753,-0.0078424,-0.0055887,-0.018881,-0.016811,-0.0068707,-0.017748,-0.016883,-0.0070629,-0.013824,-0.006939,-0.010176,-0.0074681,-0.0027549,0.0042893,0.0052665,0.0047372
-0.0020487,-0.0017183,0.0002258,-0.00028315,-0.0016475,-0.0023022,-0.0036967,-0.0037465,0.00031192,0.0070854,0.013439,0.014287,0.010273,0.0061696,0.0025572,-0.0023969,-0.0097846,-0.012904,-0.0073957,-0.038931,-0.0051038,-0.0097156,-0.010752,-0.0078112,-0.0043834,-0.0029074,-0.015079,-0.010888,-0.0017542,0.0070141,0.0076892,0.011147
-0.0018159,-0.0020366,-0.00062637,-0.0013491,-0.0028962,-0.0041245,-0.0052533,-0.0042348,-2.9203e-05,0.0062056,0.012251,0.013232,0.0097988,0.0065153,0.0042192,0.0010053,-0.0067212,-0.016286,-0.016768,-0.0084219,-0.028508,-0.0032679,-0.004217,-0.0044865,-0.0041539,-0.0046492,-0.018543,-0.0093828,-0.0025223,0.003687,0.0051434,0.011375
-0.001498,-0.0021707,-0.0015836,-0.002129,-0.0036843,-0.0056136,-0.0065013,-0.0042938,0.00029524,0.0053995,0.0099883,0.011211,0.009384,0.0074208,0.0062498,0.0043289,-0.0012989,-0.011081,-0.016786,-0.01141,-0.0038846,-0.00034501,-0.00038975,-0.0021951,-0.0045852,-0.0064165,-0.0045778,-0.0011713,-0.0054048,-0.00069284,0.0036509,0.0082275
-0.00080332,-0.0020809,-0.0022724,-0.002427,-0.0037716,-0.0060764,-0.006953,-0.0044517,8.0031e-05,0.0042386,0.0075783,0.0092284,0.0091906,0.0088074,0.0083454,0.0063044,0.0025544,-0.0040126,-0.010035,-0.0095849,-0.0046499,-0.0011687,-0.0010422,-0.0030721,-0.0059863,-0.008152,-0.0070214,-0.0035892,-0.001292,-0.0036976,0.0031628,0.0031362
0.00018247,-0.0017667,-0.0026607,-0.0027531,-0.0039597,-0.0060767,-0.0069664,-0.0049833,-0.0010829,0.0025864,0.0051777,0.0070515,0.0087739,0.010309,0.01107,0.0087937,0.0051759,0.00043975,-0.0042415,-0.0062205,-0.0051492,-0.003795,-0.0042552,-0.0059968,-0.0080073,-0.0096025,-0.0094453,-0.0066254,-0.0023615,0.00081096,0.0014649,0.00039305
0.0012059,-0.0014535,-0.0029616,-0.0034003,-0.004659,-0.0064125,-0.0072332,-0.0057898,-0.0026191,0.00072243,0.0031919,0.0056555,0.0086688,0.011602,0.013688,0.011974,0.0077905,0.00332,-0.0006854,-0.0032735,-0.0044494,-0.0051947,-0.0072072,-0.0092083,-0.010328,-0.011169,-0.011178,-0.0089968,-0.0037041,0.00087614,0.0016513,0.00045646
0.0021686,-0.0011695,-0.0028612,-0.0035353,-0.004884,-0.0068056,-0.0079208,-0.0068481,-0.0043022,-0.0012643,0.0018666,0.0055958,0.0092361,0.012234,0.014755,0.013875,0.0099973,0.0057817,0.0018376,-0.0013777,-0.0036396,-0.0055476,-0.0095075,-0.012231,-0.013197,-0.013088,-0.012164,-0.0097564,-0.0046993,-0.0005994,-2.0075e-05,0.00012934
0.0032079,-0.00024252,-0.0020453,-0.0030803,-0.0046198,-0.007097,-0.0089744,-0.0083129,-0.0061588,-0.0029421,0.0011927,0.0061496,0.010005,0.012822,0.015177,0.014787,0.011678,0.0076362,0.0032768,-0.00066871,-0.0038597,-0.0062083,-0.010959,-0.014527,-0.015464,-0.014129,-0.011744,-0.0089442,-0.0047931,-0.0018613,-0.0015716,0.00037286
0.0047892,0.001375,-0.0008787,-0.0026662,-0.0046205,-0.0073685,-0.0098955,-0.0096803,-0.0074021,-0.003255,0.0018517,0.0068728,0.01048,0.013431,0.016098,0.016286,0.013671,0.0093585,0.0040529,-0.0006857,-0.0045705,-0.0075092,-0.01193,-0.015435,-0.016339,-0.014389,-0.010939,-0.0075857,-0.0042082,-0.0014916,-0.0008157,0.0020669
0.0064673,0.002892,0.0001118,-0.0024317,-0.0048211,-0.0075253,-0.010243,-0.010546,-0.0078143,-0.0023004,0.0035463,0.0073289,0.0098265,0.013058,0.016626,0.018137,0.015961,0.011752,0.0061136,-0.00012755,-0.005613,-0.010066,-0.01388,-0.015968,-0.016398,-0.014957,-0.010823,-0.0062639,-0.0025406,0.00066647,0.0020412,0.0048869
0.007843,0.0041439,0.0012251,-0.0015959,-0.0045368,-0.007443,-0.010159,-0.010764,-0.0077403,-0.001402,0.0046775,0.0069612,0.0079588,0.011585,0.016682,0.019688,0.018075,0.014182,0.0088539,0.0014623,-0.0064891,-0.013449,-0.017077,-0.017156,-0.016455,-0.015369,-0.010849,-0.0050932,-0.00034487,0.0030761,0.0048968,0.0076862
0.0093179,0.0054699,0.0023421,-0.00064577,-0.0043115,-0.0076967,-0.0099607,-0.0098896,-0.0069324,-0.0012437,0.0042806,0.0060612,0.0064599,0.010811,0.01749,0.021522,0.019931,0.015707,0.010743,0.0036004,-0.0057236,-0.015004,-0.019395,-0.018353,-0.016336,-0.015078,-0.010838,-0.0042512,0.0013502,0.0046457,0.006896,0.01025
0.01134,0.0069881,0.0030522,-0.00044499,-0.0043778,-0.0079182,-0.0095065,-0.0085656,-0.0058194,-0.0016709,0.0027994,0.0049152,0.0060773,0.011241,0.019273,0.023582,0.021132,0.016549,0.012074,0.0057222,-0.0036906,-0.014036,-0.01941,-0.018485,-0.015972,-0.014465,-0.011105,-0.0043592,0.0020697,0.0059796,0.0089771,0.013049
0.013522,0.0084214,0.0035385,-0.00031359,-0.00392,-0.0070984,-0.0085931,-0.0079521,-0.0056197,-0.002354,0.0011637,0.0039457,0.0065227,0.012282,0.020637,0.024829,0.021867,0.017709,0.013896,0.0080118,-0.0013458,-0.012036,-0.018092,-0.017485,-0.014854,-0.013525,-0.011643,-0.0057034,0.0016811,0.0070173,0.011157,0.015761
0.014759,0.0091873,0.0042429,0.00045112,-0.0029102,-0.0060114,-0.0081326,-0.0085274,-0.00663,-0.0030924,0.00036416,0.0039024,0.0079853,0.0139,0.021598,0.025729,0.023363,0.019677,0.016216,0.010752,0.0015791,-0.0099179,-0.017168,-0.016725,-0.013263,-0.011699,-0.011284,-0.0069472,0.0011735,0.0079838,0.013297,0.018193
0.01542,0.0098334,0.0050293,0.0011004,-0.0025412,-0.0058636,-0.0081888,-0.0090112,-0.0074995,-0.0038147,0.00011476,0.0044349,0.0095922,0.015516,0.022378,0.026607,0.025252,0.021869,0.018576,0.013813,0.0051607,-0.0078273,-0.017667,-0.017741,-0.012632,-0.0096182,-0.0094053,-0.0065858,0.0015821,0.0092767,0.015106,0.019868
0.016595,0.010399,0.0050222,0.001042,-0.0025584,-0.0056777,-0.0076772,-0.0086078,-0.0076768,-0.0043724,-0.00040073,0.0041212,0.0095631,0.015473,0.021999,0.026537,0.026485,0.024102,0.021237,0.016927,0.0084314,-0.0058901,-0.018867,-0.020227,-0.013469,-0.0083463,-0.0065589,-0.0041655,0.003176,0.01058,0.016178,0.02049
0.018205,0.01067,0.0043692,0.00052036,-0.0023396,-0.0049522,-0.0068195,-0.0080323,-0.0075808,-0.0043334,8.7391e-07,0.0042797,0.0090922,0.014447,0.020851,0.025972,0.027486,0.026596,0.024087,0.019519,0.010648,-0.0040978,-0.018674,-0.022104,-0.015135,-0.0081352,-0.0045004,-0.0014765,0.0047956,0.011267,0.016217,0.019948
0.019401,0.010775,0.0036511,-0.00035952,-0.0027931,-0.0048941,-0.0064899,-0.0077661,-0.0072256,-0.0033352,0.0016118,0.0056243,0.0094779,0.013871,0.02015,0.026056,0.028887,0.028915,0.026186,0.021171,0.012315,-0.0016818,-0.015724,-0.021488,-0.016623,-0.0090144,-0.0042461,-0.00022418,0.0056123,0.011201,0.015638,0.018905
0.020245,0.010887,0.0030869,-0.0014144,-0.0039041,-0.0053716,-0.0061398,-0.0068431,-0.0058881,-0.0019248,0.0026778,0.0063398,0.0096682,0.013547,0.019738,0.026282,0.030314,0.03087,0.027287,0.021704,0.013665,0.0016002,-0.010665,-0.018055,-0.017114,-0.011356,-0.0061001,-0.00091917,0.0055548,0.011188,0.015308,0.018286
0.021474,0.011275,0.0029366,-0.0018696,-0.0040989,-0.0048466,-0.005304,-0.0058022,-0.0046352,-0.00091851,0.0035129,0.007069,0.0099826,0.013484,0.019244,0.025963,0.03149,0.03303,0.028203,0.021636,0.014677,0.0049078,-0.0054617,-0.013705,-0.016418,-0.013872,-0.0091589,-0.0031073,0.0044739,0.011205,0.015486,0.018515
0.023211,0.011975,0.0031714,-0.001543,-0.0031915,-0.0039009,-0.0050504,-0.0059333,-0.0043119,0.00021388,0.0055417,0.009167,0.011003,0.013672,0.018882,0.025402,0.032156,0.034755,0.028872,0.021623,0.01604,0.0080082,-0.0014618,-0.010461,-0.015836,-0.015621,-0.01182,-0.0054256,0.0029599,0.011059,0.01631,0.019716
0.024302,0.0127,0.0038093,-0.0010068,-0.0026919,-0.0037271,-0.0052011,-0.0059601,-0.00395,0.0013588,0.0073984,0.010538,0.011338,0.013391,0.018539,0.024806,0.031504,0.034253,0.028588,0.022336,0.018332,0.011323,0.0015811,-0.0084099,-0.01583,-0.01721,-0.013504,-0.006855,0.001779,0.01088,0.017586,0.021596
0.024562,0.0135,0.0050038,-0.00036918,-0.0027759,-0.0035985,-0.0041682,-0.0043402,-0.0026072,0.0023001,0.0079753,0.01078,0.011279,0.01319,0.01836,0.024347,0.029985,0.032269,0.028306,0.023954,0.020575,0.01395,0.0036372,-0.00724,-0.015924,-0.018447,-0.014467,-0.0072922,0.0011663,0.010591,0.018765,0.023516
0.02456,0.014439,0.0062392,0.00023348,-0.002903,-0.003079,-0.0025147,-0.0023694,-0.00077427,0.003669,0.0089164,0.011738,0.012066,0.013452,0.018385,0.024411,0.029344,0.031518,0.029114,0.025657,0.021747,0.014961,0.0044896,-0.0069707,-0.015945,-0.018772,-0.014851,-0.0072671,0.00090001,0.0098677,0.018755,0.024304
0.025103,0.015776,0.0075604,0.00086256,-0.002974,-0.0028968,-0.0018101,-0.001348,0.00096688,0.005799,0.010392,0.012216,0.012003,0.013202,0.018168,0.024434,0.029553,0.031538,0.029391,0.026553,0.02247,0.015447,0.0051416,-0.0070586,-0.015698,-0.017931,-0.014376,-0.0072586,0.00057558,0.0088913,0.017592,0.023804
0.025927,0.017501,0.0089353,0.0014869,-0.0030441,-0.0030747,-0.0013875,-0.00011739,0.0028709,0.0075595,0.010882,0.011372,0.011019,0.013054,0.01874,0.024649,0.0297,0.031079,0.028477,0.026882,0.023907,0.016756,0.0061309,-0.0067873,-0.014956,-0.01637,-0.0133,-0.0070091,0.00014766,0.0078397,0.016078,0.022687
0.026834,0.019172,0.010686,0.0028939,-0.0024066,-0.0030143,-0.0012488,0.00054514,0.0038938,0.0084459,0.011316,0.011286,0.010827,0.013508,0.019575,0.02486,0.03007,0.031528,0.02865,0.027897,0.025905,0.018181,0.0070555,-0.005956,-0.014024,-0.015076,-0.012012,-0.0064046,-7.6745e-05,0.0069345,0.014751,0.021553
0.027913,0.020728,0.012953,0.0051376,-0.00083828,-0.0025049,-0.0021107,-0.00071071,0.0037041,0.0097449,0.013367,0.012564,0.010666,0.013002,0.019164,0.024424,0.029868,0.032014,0.029686,0.02921,0.027346,0.018969,0.0075566,-0.0048527,-0.012914,-0.013977,-0.01081,-0.0057416,-0.0001149,0.0062389,0.013367,0.019962
0.029023,0.02232,0.015663,0.0081676,0.0016018,-0.0013141,-0.0024214,-0.0019963,0.0038852,0.011668,0.015186,0.013353,0.010335,0.012637,0.019242,0.024349,0.028448,0.030805,0.030265,0.030462,0.028574,0.020012,0.008378,-0.0029701,-0.010547,-0.011713,-0.0089893,-0.0048809,0.00010995,0.0056299,0.012027,0.01814
0.029915,0.023845,0.018546,0.011539,0.0044936,0.00061658,-0.0011844,-0.0013463,0.0049607,0.012333,0.014935,0.013446,0.011295,0.013929,0.020583,0.025104,0.027485,0.030231,0.031749,0.03247,0.030274,0.021499,0.0097565,-0.00013885,-0.0065814,-0.0084353,-0.0072173,-0.0045562,-0.00022877,0.004913,0.010849,0.016771
0.030551,0.025213,0.020981,0.014431,0.0071178,0.0029021,0.00099868,0.00096157,0.0059812,0.011536,0.013674,0.013885,0.012644,0.014479,0.0205,0.025941,0.028805,0.031972,0.034413,0.034688,0.031629,0.022909,0.011327,0.0029159,-0.0020181,-0.0048502,-0.0058994,-0.0048193,-0.00078406,0.0040641,0.0096358,0.015474
0.030944,0.026145,0.022185,0.016047,0.0092243,0.0054471,0.0035428,0.003496,0.0071,0.011384,0.013483,0.014064,0.012526,0.013471,0.019805,0.027187,0.030818,0.033908,0.036144,0.035477,0.03222,0.024348,0.01333,0.0058803,0.0024705,-0.00079994,-0.0040374,-0.0046379,-0.00085502,0.0038019,0.0087184,0.01402
0.031378,0.026622,0.022394,0.016921,0.011415,0.0084694,0.0063539,0.0058728,0.0087275,0.012061,0.013306,0.01275,0.011448,0.013671,0.021669,0.029416,0.032576,0.035572,0.037599,0.03637,0.03305,0.02589,0.015088,0.008171,0.0061111,0.002999,-0.001555,-0.0036716,-0.0002276,0.0041347,0.008231,0.012827
0.031615,0.026632,0.021944,0.017588,0.013786,0.011655,0.0095183,0.0082901,0.0099582,0.012205,0.012438,0.010914,0.010682,0.014773,0.023413,0.030534,0.034025,0.038205,0.04023,0.038202,0.034134,0.026656,0.016101,0.0097572,0.0083186,0.0052553,-2.534e-05,-0.0028346,0.00050117,0.0045292,0.0077988,0.011815
0.0311,0.026333,0.02158,0.018556,0.015875,0.014034,0.01187,0.0098313,0.010188,0.011936,0.011909,0.0099962,0.0097959,0.01418,0.022582,0.030474,0.03627,0.041248,0.041632,0.038297,0.034094,0.027067,0.017536,0.011566,0.0094938,0.0059473,0.00018087,-0.0023095,0.0012665,0.0048405,0.0073234,0.010956
0.029505,0.025872,0.022187,0.019965,0.017561,0.015235,0.012648,0.010131,0.010093,0.011986,0.012267,0.0096641,0.008563,0.013331,0.023177,0.032571,0.038766,0.041297,0.039166,0.036091,0.033548,0.028063,0.019701,0.013669,0.0099005,0.0052892,-0.00014169,-0.0014789,0.0023129,0.0050255,0.0070792,0.010418
0.026975,0.024898,0.022836,0.021038,0.018599,0.016063,0.013067,0.010263,0.010021,0.011738,0.011764,0.0085993,0.0074515,0.013929,0.025676,0.03456,0.037581,0.037197,0.035678,0.035117,0.033741,0.028483,0.02081,0.014931,0.010236,0.0046394,-0.00017722,-0.00073198,0.0027373,0.0049367,0.0071644,0.010305
0.024397,0.023303,0.02254,0.020888,0.018642,0.016504,0.013648,0.010846,0.010142,0.010741,0.0098713,0.0069386,0.0067001,0.014087,0.025549,0.032325,0.032796,0.03318,0.035173,0.03645,0.033928,0.02774,0.02089,0.015925,0.011454,0.005021,-0.00052449,-0.0010932,0.0023281,0.0050601,0.0077538,0.010698
0.02251,0.021737,0.021452,0.019688,0.01752,0.015794,0.013488,0.01169,0.011292,0.010638,0.0084154,0.0053071,0.0053866,0.012723,0.023783,0.030669,0.032074,0.034767,0.038052,0.037837,0.033539,0.027619,0.021915,0.017544,0.012733,0.0053755,-0.0010897,-0.0014225,0.0024844,0.0058491,0.00868,0.011139
0.020737,0.02023,0.019926,0.01796,0.015705,0.014039,0.012464,0.012231,0.012953,0.011534,0.0077268,0.0033356,0.0033126,0.011565,0.023951,0.032607,0.035946,0.038931,0.040116,0.037776,0.033714,0.028726,0.023171,0.018346,0.012746,0.0051955,-0.00073712,-0.00060085,0.0032905,0.0064837,0.008956,0.011161
0.018496,0.018188,0.017722,0.015625,0.013297,0.011977,0.011224,0.011919,0.013157,0.01158,0.0068713,0.0014647,0.0014359,0.010521,0.023764,0.031901,0.035951,0.039277,0.039536,0.037061,0.033619,0.028238,0.022542,0.018419,0.013333,0.0065643,0.0015221,0.0010392,0.003395,0.0058128,0.0082815,0.011069
0.016485,0.015809,0.014844,0.012461,0.010114,0.0093089,0.0094757,0.01086,0.012053,0.01056,0.0060647,0.00073261,0.00062874,0.0092758,0.021698,0.028522,0.032766,0.037121,0.037689,0.035193,0.031338,0.025727,0.021514,0.019455,0.015429,0.0093089,0.0044508,0.0023388,0.0026994,0.0042776,0.0072244,0.01117
0.015071,0.013997,0.01223,0.0089648,0.0062808,0.0057402,0.0067978,0.0091906,0.010738,0.0094527,0.0054203,0.0003926,-3.4323e-05,0.0078464,0.019773,0.026515,0.030613,0.034909,0.034862,0.031542,0.027937,0.024247,0.022074,0.020745,0.01664,0.011082,0.0064817,0.0031659,0.0020245,0.0032928,0.0064978,0.011176
0.013165,0.012294,0.009993,0.006016,0.0031147,0.0026918,0.0040154,0.0068035,0.0091882,0.0082252,0.0043414,-0.00041949,-0.00098227,0.0066322,0.017854,0.023955,0.02713,0.030702,0.03054,0.027241,0.025054,0.02376,0.022481,0.020163,0.016121,0.012036,0.0081579,0.0038968,0.00171,0.0026289,0.0060677,0.010865
0.010359,0.0098413,0.0074397,0.0034061,0.00099298,0.001143,0.0025392,0.004829,0.0074573,0.0066967,0.0027642,-0.0012519,-0.00094972,0.0063063,0.015789,0.02054,0.022868,0.026277,0.026814,0.024411,0.022699,0.021966,0.020889,0.018929,0.016281,0.013366,0.0094349,0.0043223,0.0015721,0.0021766,0.0057469,0.010554
0.0079339,0.0072115,0.0045454,0.00067079,-0.0010948,-0.00034494,0.0015323,0.0036849,0.0059318,0.0049341,0.0012249,-0.0019506,-0.00065051,0.0061585,0.014043,0.018148,0.020867,0.024117,0.024731,0.022584,0.020624,0.019591,0.019406,0.019041,0.017084,0.013558,0.0092215,0.0045744,0.0021885,0.0026462,0.0058203,0.010313
0.0064087,0.0052085,0.0023449,-0.0010975,-0.0026687,-0.0020819,-0.00010731,0.0025728,0.0048197,0.0036915,0.00028825,-0.0024945,-0.0011346,0.0054581,0.013058,0.017325,0.020503,0.022599,0.021761,0.019864,0.018766,0.018526,0.019144,0.018994,0.01636,0.012249,0.0085638,0.0055298,0.0036818,0.0036484,0.0060101,0.0098083
0.0050061,0.0034155,0.00071924,-0.0018601,-0.0030215,-0.0029724,-0.0016122,0.0010718,0.0034861,0.0027887,6.5931e-05,-0.0024062,-0.001109,0.0052812,0.012797,0.016846,0.019356,0.019861,0.017998,0.016587,0.016973,0.017718,0.018149,0.017395,0.014689,0.011687,0.0092423,0.0069475,0.0050709,0.0041733,0.0056555,0.0090416
0.0039221,0.0017872,-0.00069849,-0.0025463,-0.0032018,-0.0031904,-0.0022465,-5.3971e-06,0.0021043,0.0018948,-0.00012543,-0.0018615,-0.00026403,0.0059048,0.012722,0.015787,0.017506,0.017446,0.015507,0.014536,0.015223,0.016075,0.016445,0.015812,0.01414,0.012261,0.0098634,0.007227,0.0055053,0.0046938,0.0056892,0.0087191
0.003949,0.0014083,-0.0012253,-0.0029969,-0.0036151,-0.0037566,-0.0028494,-0.00074168,0.001176,0.0010807,-0.00070618,-0.0016863,9.838e-05,0.0059173,0.012088,0.014526,0.015668,0.015019,0.013486,0.013071,0.013661,0.01468,0.015514,0.01528,0.01379,0.011598,0.0089038,0.0068527,0.0062738,0.0060603,0.0066821,0.0089114
0.0040262,0.0020829,-0.00035977,-0.0021695,-0.0031981,-0.0041268,-0.0040096,-0.0018858,0.00050964,0.00062236,-0.0011604,-0.0018623,-7.4344e-05,0.0051676,0.01092,0.013051,0.013312,0.01155,0.010494,0.011436,0.01252,0.013636,0.014542,0.013888,0.012021,0.0099876,0.0085438,0.0079506,0.0077592,0.0070942,0.007384,0.0090876
0.002354,0.0018876,0.00034689,-0.00086674,-0.0018781,-0.0034434,-0.0044041,-0.0027805,-0.00013554,0.0002751,-0.0015104,-0.001779,8.4111e-05,0.0044921,0.009534,0.011178,0.010376,0.0078926,0.0076403,0.0099647,0.011327,0.011903,0.012457,0.01158,0.010219,0.0098007,0.010103,0.0098278,0.0082488,0.0063411,0.0069254,0.0091751
-0.00079008,0.00041833,-0.00010866,-0.00067805,-0.0009906,-0.0025212,-0.0037972,-0.0028191,-0.00057563,-0.00045754,-0.0022382,-0.0018562,0.00022675,0.0038328,0.0076704,0.0087189,0.0072919,0.0046032,0.0050936,0.0081649,0.0091425,0.0094582,0.010362,0.010282,0.0099546,0.010604,0.011131,0.0099299,0.007189,0.0052132,0.0065823,0.0095271
-0.0033012,-0.0031245,-6.2663e-05,-0.0013088,-0.0014477,-0.0021343,-0.0028268,-0.0023088,-0.00087797,-0.001011,-0.0026359,-0.0021244,4.5201e-05,0.0032268,0.0064237,0.0069584,0.0047243,0.0018464,0.0024448,0.0056108,0.0069334,0.0077591,0.0093354,0.0097599,0.009942,0.010648,0.010527,0.0091212,0.0071712,0.0060117,0.0073588,0.0097255
-0.0052111,-0.0045924,-0.0011335,-0.0021902,-0.0027075,-0.0023789,-0.0018764,-0.001405,-0.0011242,-0.0014811,-0.0023298,-0.0019366,-6.198e-05,0.0032212,0.0063304,0.0060511,0.0029471,-0.00031978,-0.00027468,0.0031506,0.0054284,0.0069937,0.0083948,0.0086843,0.0093921,0.010591,0.010433,0.0096167,0.0085852,0.0074024,0.0076051,0.0090529
-0.012285,-0.0061888,-0.0065047,-0.0023746,-0.0039979,-0.0036168,-0.0019731,-0.00080448,-0.001372,-0.0025864,-0.0027756,-0.0017627,5.6723e-05,0.0032042,0.0059269,0.0049627,0.001645,-0.0018517,-0.0020346,0.001705,0.0045325,0.0058058,0.0068255,0.0078119,0.0096778,0.011542,0.011306,0.010219,0.0089399,0.007067,0.0065241,0.0079055
-0.0094424,-0.0067373,-0.0073507,-0.0090258,-0.0038123,-0.0043599,-0.0031387,-0.00139,-0.0015428,-0.0034512,-0.0040989,-0.0025571,-0.00017792,0.0025017,0.004531,0.0036282,0.00084669,-0.0022304,-0.0026087,0.00098033,0.0034647,0.0044875,0.0060432,0.0084725,0.011063,0.01252,0.011616,0.010214,0.0087755,0.0066976,0.0060748,0.0074209
-0.0044054,-0.0022804,0.0022345,0.002344,-0.0079647,-0.022641,-0.0036743,-0.0023717,-0.0016214,-0.0033371,-0.0049342,-0.0037606,-0.00089123,0.001505,0.0033114,0.0026629,5.4949e-05,-0.002873,-0.0034336,0.00012145,0.0025736,0.0036388,0.0059854,0.0089848,0.011299,0.012307,0.011785,0.011123,0.010029,0.0080348,0.0069526,0.0070536
0.002529,0.003453,0.007949,0.017611,0.017852,-0.0028465,-0.0033757,-0.0027837,-0.002295,-0.0034623,-0.0053759,-0.0048003,-0.0019546,0.00049974,0.0025877,0.0022123,-0.00078653,-0.0040432,-0.0044829,-0.00074304,0.0017377,0.0026287,0.0048779,0.0077103,0.01022,0.0121,0.012643,0.012464,0.011039,0.0087575,0.0069636,0.0059333
0.0049957,0.0071128,0.011202,0.021507,0.022947,0.010266,-0.0058763,-0.0029181,-0.0036861,-0.0048575,-0.00606,-0.0055139,-0.0030246,-0.00046805,0.0021049,0.0024489,-0.00060288,-0.0038059,-0.0040929,-0.0008464,0.0007647,0.0012584,0.0033492,0.0064054,0.0095743,0.012401,0.013013,0.012107,0.010034,0.0077239,0.0058516,0.0050027
0.0061394,0.0061357,0.0074479,0.013632,0.019286,0.012634,0.0049283,-0.0019169,-0.0047595,-0.0065438,-0.0064446,-0.0056153,-0.0036646,-0.0012317,0.0015713,0.0023485,-0.00031775,-0.0033503,-0.0037213,-0.0013268,-0.00034268,0.00051959,0.0030681,0.0060839,0.009306,0.011784,0.011812,0.010659,0.0091986,0.0074565,0.0058409,0.0050856
0.0086021,0.0073649,0.0052772,0.00081951,0.00072553,0.0096869,0.0058497,-0.0045473,-0.0050433,-0.0069216,-0.0059126,-0.0053123,-0.0040173,-0.0019732,0.00087724,0.0019443,-0.00051738,-0.0032674,-0.003926,-0.0019052,-0.00091307,0.00067245,0.0032598,0.0056813,0.0083413,0.0099705,0.0097509,0.0098954,0.0097493,0.0085574,0.0070167,0.0058561
0.0047658,0.0026936,0.0043214,0.0041727,0.0025098,0.0016814,0.0052679,-0.0064824,-0.0050697,-0.0062661,-0.0054825,-0.0051087,-0.0041923,-0.0024675,0.00032068,0.0017584,-4.4672e-05,-0.0025147,-0.0032318,-0.0015414,-0.00013951,0.0013467,0.0032215,0.0054805,0.0080781,0.0092495,0.0091085,0.0097609,0.0098673,0.0085779,0.0071754,0.0062483
-0.00062413,0.0022151,0.006675,0.0090464,0.0078731,0.0044334,0.014408,-0.0059044,-0.0047587,-0.0061988,-0.0061729,-0.0052744,-0.0042388,-0.0026757,-0.00026435,0.001336,0.00020382,-0.0018699,-0.0025256,-0.00082601,0.0007044,0.0019186,0.0034467,0.0058922,0.0088037,0.0095868,0.0091909,0.0095638,0.0090384,0.0077488,0.0071593,0.0067974
-0.0012073,0.0012738,0.0060953,0.0098502,0.0088287,0.0056626,0.028741,0.0017948,-0.0037279,-0.0067056,-0.0073716,-0.0056149,-0.0042296,-0.0031423,-0.0013581,0.00011457,-0.00052165,-0.0020574,-0.0025314,-0.0011565,0.00029774,0.0016162,0.0034394,0.0062101,0.0088946,0.0094457,0.0090719,0.0092887,0.0088055,0.0082729,0.0085316,0.0078859
-0.00086088,0.0013703,0.0049851,0.0072072,0.0052474,0.03679,0.042023,0.01761,-0.0078623,-0.0062964,-0.0083335,-0.0064733,-0.004643,-0.0040744,-0.0026314,-0.00091099,-0.00072216,-0.0014121,-0.0019687,-0.0012742,-0.0001765,0.00047433,0.0015541,0.0043045,0.0074203,0.0082058,0.0080636,0.0085541,0.0085887,0.0089107,0.009454,0.0080554
-0.0011755,0.0015053,0.0048059,0.0061576,0.0036054,0.032502,0.0059342,0.00384,0.0013793,-0.0044097,-0.0083581,-0.0076677,-0.006441,-0.0053662,-0.0033523,-0.0012702,-0.00044989,-0.00071015,-0.0013959,-0.00086348,0.0003313,-0.00023474,-0.00055639,0.0015654,0.0052646,0.0069999,0.0075046,0.0080424,0.0080639,0.0082875,0.0086919,0.0074637
-0.0011579,0.0012202,0.0040242,0.0061593,0.0053548,0.0043798,0.0051642,0.0040182,0.011908,-0.0022566,-0.0053728,-0.0078167,-0.0093841,-0.0072928,-0.0042951,-0.0021189,-0.0012348,-0.001351,-0.0019078,-0.0012436,2.0325e-05,-0.00044485,-0.0010577,0.0005137,0.0038507,0.0062002,0.0074334,0.0082329,0.0083091,0.0085233,0.008547,0.007759
3.8433e-05,0.0011609,0.0023198,0.0052638,0.0066094,0.004765,0.0037845,0.0033121,0.016195,0.01296,-0.00277,-0.0058026,-0.01099,-0.0093342,-0.0062314,-0.0043714,-0.0036171,-0.0027013,-0.0021673,-0.0019218,-0.0012393,-0.0011574,-0.00077342,0.00018316,0.002219,0.0045872,0.0069298,0.0087254,0.0097257,0.010133,0.0094394,0.0084199
0.002364,0.0099968,0.0021179,0.0049751,0.0065196,0.0045935,0.003773,0.0041166,0.0037487,0.0049361,0.0027351,-0.015103,-0.010152,-0.011843,-0.0088859,-0.0071206,-0.0067832,-0.0050974,-0.0022858,-0.00176,-0.0021031,-0.0021415,-0.0016081,-0.00048197,0.00092107,0.002979,0.0051454,0.0073647,0.0092801,0.010395,0.0094981,0.0079555
0.0039129,0.019113,0.013757,0.0068104,0.0068487,0.0036348,0.0028462,0.0043377,0.0060795,0.0091026,0.0057976,-0.011931,-0.011545,-0.015778,-0.010885,-0.0062869,-0.0041036,-0.0025478,-0.011797,-0.00060068,-0.00069572,-0.00085886,-0.001734,-0.0023378,-0.00033915,0.001264,0.002619,0.0050854,0.0082152,0.0099409,0.0091664,0.0077112
0.0060376,0.0063714,0.0065739,0.0094367,0.0075652,0.0026708,0.00082976,0.0024916,0.005082,0.009453,0.0060493,-0.0016963,-0.011839,-0.016444,-0.0090162,-0.026444,-0.012644,-0.013708,-0.012045,-0.0057757,-0.0020105,0.00062005,-0.00011425,-0.002325,-0.0022233,0.00028627,0.001555,0.0040102,0.0072476,0.009506,0.0095714,0.0085363
0.0067766,0.0074584,0.007922,0.010719,0.0083972,0.0029472,-0.00045958,-0.00072064,0.0022457,0.0077236,0.0041567,-0.0031234,-0.031583,-0.043247,-0.030205,-0.017226,-0.0060518,-0.0038882,0.00043432,0.0078286,0.0090134,0.0039969,0.00088779,-0.00052411,-0.0028223,-0.0018749,6.1209e-05,0.0025938,0.005354,0.0068045,0.0077525,0.0075961
0.0062907,0.0071141,0.0076474,0.010313,0.009019,0.004758,0.00094663,-0.002285,-0.00045266,0.0059556,0.01826,0.008127,0.0013246,-0.0042162,-0.0074819,-0.0020109,-0.00083713,-2.3236e-05,0.002774,0.0086412,0.012595,0.009569,0.0051041,0.0030683,-0.00074425,-0.0019112,-0.00043599,0.001252,0.0022235,0.0027925,0.0032114,0.003223
0.0059952,0.0063931,0.0069149,0.008957,0.0090443,0.0075893,0.0045369,-0.0015566,-0.0041931,0.0028668,0.02259,0.018218,0.013294,0.0081559,0.0058536,0.0019686,-0.0023417,-0.0048713,-0.0033737,0.0019819,0.005218,0.004658,0.0072542,0.0047258,0.0038347,-0.00019935,-5.8179e-05,0.00029822,-0.00010659,-0.00032024,-0.00021449,0.00016151
0.0062187,0.0060541,0.0062872,0.0071743,0.0080026,0.009611,0.008817,0.00091526,-0.007252,-0.001239,0.020702,0.019265,0.010484,0.0052872,0.0023789,-0.00073415,-0.0048588,-0.0079545,-0.005995,-0.0031202,0.00012132,0.0032408,0.011368,0.0053734,0.0023864,-0.00014672,-0.00053488,-3.7306e-05,-0.00012371,-0.00042289,0.00034195,0.0099119
0.0062241,0.0056331,0.0055928,0.0059395,0.0069104,0.010255,0.011607,0.0038688,-0.0082166,-0.0049595,0.013109,0.016258,0.01014,0.0025165,-0.001758,-0.0034517,-0.004732,-0.0043662,-0.0030715,-0.002905,-0.0021501,0.0057456,0.011045,0.0068278,0.00057795,-0.00091979,-0.0006447,0.0034788,0.0077122,0.010764,0.022976,0.031206
0.0056358,0.0049807,0.0051262,0.0061257,0.0071478,0.0098724,0.011853,0.0062016,-0.0065311,-0.0075779,-0.0027568,0.01852,0.013009,0.0034589,-0.0025703,-0.004901,-0.0049549,-0.0037844,-0.0022999,-0.0030411,-0.0027904,0.0016868,0.0090941,0.007397,0.0042676,0.002344,0.0019679,0.0051555,0.015232,0.01856,0.01885,0.01809
0.005273,0.0048358,0.0053437,0.0071087,0.0083523,0.0095127,0.011322,0.0087827,-0.0020765,-0.0089512,-0.0027855,0.0046361,0.016525,0.0024683,-0.004495,-0.0059038,-0.0067596,-0.0065898,-0.0047343,-0.0040139,-0.0043309,-0.0033094,0.0038226,0.0090845,0.019796,0.014576,0.0099065,0.0077489,0.0063495,0.004846,0.0021213,-0.0013468
0.0057659,0.0053907,0.0057559,0.0076053,0.0089781,0.0093908,0.011601,0.012055,0.0036602,-0.0083146,-0.055573,-0.026364,-0.005738,-0.0032679,-0.0079906,-0.0053785,-0.00518,-0.0073247,-0.0057248,-0.0032976,-0.0038331,-0.0043803,-0.00069611,0.013263,0.027996,0.031555,0.017861,0.0094938,0.0044298,-0.0025085,-0.012942,-0.016146
0.0066977,0.0060421,0.0059275,0.00741,0.0089232,0.0095966,0.011963,0.013667,0.0076238,-0.0050901,-0.0096323,-0.057277,-0.025201,-0.015264,-0.011463,-0.0056396,-0.0047598,-0.0063669,-0.0048813,-0.0027439,-0.0027801,-0.0029633,-0.00053476,0.012729,0.034092,0.03689,0.015261,0.0013956,-0.0017254,-0.0067575,-0.014269,-0.012705
0.0075679,0.006537,0.0061631,0.0074486,0.0093488,0.010433,0.011791,0.012581,0.0085563,8.1908e-05,-0.0068898,-0.0067582,-0.044167,-0.022569,-0.017249,-0.010599,-0.0089155,-0.0103,-0.0073022,-0.0039541,-0.0025757,-0.0010641,0.0012987,0.0072541,0.022379,0.026056,0.015775,0.0042837,0.0015973,-0.0019812,-0.009131,-0.010778
