-0.023969,-0.030761,-0.039829,-0.0353,-0.036292,-0.043322,-0.049327,-0.042624,-0.055373,-0.0097613,-0.010134,-0.0054384,-0.011687,0.0015503,0.00048807,0.0034054,-5.8924e-05,0.00031417,0.002978,0.0038981,0.00040895,-0.0013273,0.00039319,0.0010724,-0.00045808,-0.0026664,-0.0046266,-0.0067881,-0.0086112,-0.0081593,-0.0056727,-0.0026623
-0.038488,-0.049558,-0.066226,-0.04782,-0.027977,-0.030319,-0.043848,-0.033416,-0.038676,-0.045228,-0.0084868,-0.0045282,-0.00018843,0.0027783,0.008624,0.0075818,0.0024773,0.0038727,0.001205,0.0024563,0.0010123,-0.00024528,0.0015884,0.002501,0.00087692,-0.001522,-0.0037156,-0.0060541,-0.0079744,-0.0078523,-0.0056692,-0.0027289
-0.021808,-0.035807,-0.069707,-0.051251,-0.022725,-0.024422,-0.040551,-0.048193,-0.040809,-0.033163,-0.020747,-0.00315,-0.00059592,-1.6488e-05,0.00089402,0.0012767,0.000235,0.001306,0.0083882,0.0018672,0.00172,0.00096183,0.0024974,0.0032088,0.001336,-0.0012295,-0.0034233,-0.0055988,-0.0071672,-0.0071436,-0.0052893,-0.0026412
0.018034,-0.021437,-0.056016,-0.047024,-0.020689,-0.0073567,-0.010585,-0.046687,-0.039351,-0.046004,-0.038411,-0.0051912,-0.0032528,-0.00095855,0.00083048,0.00094609,-0.00046986,-0.00069776,0.0007825,0.012486,0.0031699,0.0027207,0.0035398,0.0038358,0.0016354,-0.0011232,-0.003128,-0.0050709,-0.0065441,-0.006599,-0.0048268,-0.0021691
0.030249,-0.0044139,-0.048502,-0.026893,-0.020424,-0.0067926,-0.0093178,-0.0084333,-0.024781,-0.052983,-0.010982,-0.01039,-0.0047207,-0.00055429,0.00061805,-2.0148e-05,-0.00096534,-0.0011129,0.0013891,0.0035043,0.0048794,0.0048238,0.0047694,0.0041551,0.001428,-0.0014563,-0.0029809,-0.0043567,-0.00613,-0.0067208,-0.0047019,-0.001339
0.018536,-0.014049,-0.028854,-0.038913,-0.014217,-0.0065081,-0.0088571,-0.008436,-0.0082569,-0.011712,-0.014487,-0.010131,-0.0023245,0.00027645,4.0666e-05,-0.0064845,-0.0056868,-0.00082142,0.0011946,0.0043806,0.0058845,0.0069247,0.0060391,0.0041361,0.00065039,-0.0023171,-0.0031742,-0.0035484,-0.0053916,-0.0068963,-0.0048307,-0.00050931
0.0094938,-0.010476,-0.022888,-0.032179,-0.012908,-0.0096575,-0.013097,-0.011102,-0.010269,-0.012344,-0.012217,-0.0059961,0.00018108,0.00035729,-0.0085284,-0.0082497,-0.0051698,-0.0025328,0.00085972,0.0044841,0.0070915,0.008101,0.0064628,0.0038292,2.0094e-05,-0.0031246,-0.0036822,-0.0034027,-0.0047668,-0.0065547,-0.0051755,-0.0011462
0.0085206,-0.0067115,-0.018835,-0.013794,-0.008057,-0.013938,-0.017843,-0.014033,-0.010728,-0.010188,-0.0092155,-0.0036282,0.00054285,8.1469e-05,-0.0073601,-0.0073911,-0.0034276,-0.00044955,0.0013846,0.0056192,0.0079601,0.0072997,0.0045084,0.0023858,-0.00096686,-0.0044704,-0.0050038,-0.0042583,-0.016802,-0.022142,-0.026732,-0.0027456
0.0046382,-0.0061723,-0.015785,-0.021927,-0.010862,-0.015604,-0.018655,-0.014636,-0.0090636,-0.0070633,-0.0071648,-0.0029407,0.00032699,0.0022041,-0.0027317,-0.0044368,-0.0033809,-0.00079765,0.0025006,0.0078,0.0087763,0.0054518,0.0016492,0.0003987,-0.0023896,-0.006239,-0.0070412,-0.020197,-0.021164,-0.021786,-0.023396,-0.017656
0.0045687,-0.015354,-0.033482,-0.013052,-0.011287,-0.013963,-0.018837,-0.015473,-0.0078256,-0.0045674,-0.0052097,-0.0030099,-0.00024049,0.0019004,0.00017111,-0.0041811,-0.00099164,-0.00069926,0.0035554,0.0098686,0.0097732,0.0043502,-0.00081588,-0.0013558,-0.0032313,-0.0068654,-0.0080371,-0.022614,-0.019918,-0.017228,-0.013338,-0.013209
0.011219,-0.014699,-0.013339,-0.015882,-0.010001,-0.013369,-0.02075,-0.016706,-0.007553,-0.0038888,-0.0050474,-0.0043068,-0.0019781,-0.00047695,0.00014666,-0.00038032,-0.0013713,-0.0049407,0.0039041,0.010287,0.010375,0.0038665,-0.0028292,-0.0026088,-0.0032603,-0.0057764,-0.019006,-0.016145,-0.013926,-0.0090171,-0.0035724,-0.0009747
0.004809,-0.0038627,-0.013311,-0.012728,-0.0088375,-0.013102,-0.019539,-0.01442,-0.006001,-0.0035188,-0.0056374,-0.0055528,-0.0036552,-0.0021131,-0.00021721,0.00092899,-1.6985e-05,-0.0037394,0.0037102,0.0095334,0.010155,0.0031306,-0.0043122,-0.0028656,-0.0027181,-0.0036935,-0.0086879,-0.0077147,-0.0064886,-0.0035747,0.0011357,0.0048621
0.003082,-0.0032409,-0.0088033,-0.0081639,-0.007856,-0.012021,-0.014347,-0.0094591,-0.0041252,-0.0031576,-0.004251,-0.0038459,-0.0031213,-0.0026949,-0.00021997,0.0019275,0.0012268,0.00064484,0.0039843,0.0093686,0.010021,0.0024227,-0.0042631,-0.0022168,-0.0012918,-0.004386,-0.00012881,0.00049106,-0.0012785,-0.0027497,-0.0011162,0.0047304
0.00029644,-0.0026128,-0.0049613,-0.0055676,-0.0077929,-0.010421,-0.010196,-0.0072469,-0.0045782,-0.0030908,-0.0013997,-0.0077308,-0.011365,-0.0018846,1.2539e-05,0.0019451,0.0018158,0.0019109,0.0050047,0.0094052,0.0086224,0.0017835,-0.0022152,-0.00076543,0.0054294,0.0090966,0.0060762,0.0040737,0.00086015,-0.0028788,-0.0029996,0.0032076
-0.00082182,-0.0017963,-0.0031477,-0.0048244,-0.0078355,-0.0092167,-0.0079686,-0.0067048,-0.0052505,-0.0026986,0.00032628,0.00093202,-2.1306e-05,-0.0014684,-0.00052696,0.0014454,0.0020158,0.0029816,0.0058492,0.007914,0.0052259,0.0011044,-0.0003731,0.00018495,0.013511,0.016998,0.0096959,0.0055859,0.0011445,-0.0028278,-0.0028374,0.0016234
-0.0019786,-0.0023273,-0.003255,-0.0050712,-0.007744,-0.008018,-0.006032,-0.0048266,-0.0038615,-0.0015397,0.0011231,0.0017146,0.00014481,-0.0019352,-0.001615,0.00031478,0.0011529,0.0020347,0.0046637,0.0059439,0.0032256,0.0011029,1.7826e-05,0.00012426,0.014374,0.018376,0.008654,0.0040679,2.0459e-05,-0.0032596,-0.0034351,-0.00055089
-0.003427,-0.0036371,-0.0038489,-0.0050651,-0.0067727,-0.0062996,-0.004061,-0.0021065,-0.0010408,0.00034093,0.0016337,0.001469,-0.00040619,-0.0022685,-0.0022075,-0.00068887,0.00016684,0.00066983,0.0030556,0.0052701,0.0038051,0.0018918,0.0040444,0.0044383,0.010277,0.0097359,0.005028,0.00099246,-0.00078691,-0.0029603,-0.0038426,-0.00051003
-0.0043067,-0.0043181,-0.0040156,-0.0046393,-0.0050044,-0.0040495,-0.0019136,0.0003883,0.0018039,0.0023402,0.0024802,0.0016434,-8.9059e-05,-0.0016688,-0.0021188,-0.0011016,-0.00099028,0.0038328,0.0024161,0.0051626,0.0048604,0.0030418,0.010051,0.0066315,0.006065,0.0046805,0.0043082,0.0027101,0.00045059,-0.0017112,-0.0018,0.0012805
-0.0043537,-0.0047325,-0.0042241,-0.0039079,-0.0028319,-0.0012884,0.00069223,0.0028741,0.0044667,0.0043841,0.0034185,0.0019959,0.00031426,-0.00088146,-0.0016533,-0.0015448,-0.00039564,0.0001837,0.0016141,0.0040747,0.0043325,0.0037285,0.014735,0.0098048,0.0039434,0.0047277,0.0073748,0.0058188,0.0015764,-0.00073278,0.00011261,0.0024749
-0.0041997,-0.0055649,-0.004753,-0.0034785,-0.0010955,0.0010074,0.0026501,0.0045661,0.0065121,0.0062218,0.0044358,0.0024041,0.00070789,-1.9279e-06,-0.0010358,-0.0022842,-0.0012629,-0.0022554,0.0054682,0.0023365,0.0028383,0.002138,0.0010799,-0.00021266,0.0030201,0.0074196,0.0094736,0.0072672,0.00081495,-0.00042217,0.0013154,0.0021334
-0.0041915,-0.0062571,-0.0049143,-0.0032555,-0.00024236,0.0020802,0.0029261,0.0042809,0.006818,0.0079196,0.0066482,0.0041287,0.0019268,0.0010022,-0.00063447,-0.0031823,-0.0024751,-0.006256,0.0012776,0.0082997,0.00098243,-0.0018093,-0.0044349,-0.0029336,-0.00065582,0.012323,0.013865,0.0058252,-0.00018438,8.2869e-05,0.0017241,0.0010885
-0.0039316,-0.0059578,-0.0044195,-0.003158,-0.0002755,0.0021188,0.0021889,0.0027939,0.0057141,0.0091041,0.0099253,0.0071764,0.0034911,0.0013287,-0.00071123,-0.0039455,-0.004178,-0.011667,-0.0030087,0.0050364,0.00079732,-0.0039699,-0.0073853,-0.0034388,0.00010549,0.015345,0.013928,0.0015878,-0.003005,0.00067147,0.0023678,0.0012037
-0.0030726,-0.0047171,-0.0035775,-0.0031417,-0.00088198,0.0014419,0.0013711,0.0015163,0.0044261,0.0090676,0.011733,0.0092671,0.0041904,0.0010142,-0.00079746,-0.004087,-0.0063557,-0.0033035,-0.0079178,0.0039803,0.019816,-0.0012418,-0.030827,-0.017535,0.0078231,0.015635,0.0085248,-0.0033143,-0.0055362,7.2112e-05,0.0032915,0.0021527
-0.0018563,-0.0030276,-0.0026784,-0.0029195,-0.0015312,0.00060357,0.00044558,0.00049438,0.0034787,0.008274,0.011606,0.0095989,0.0040851,0.00065995,-0.00062503,-0.0035544,-0.0077557,-0.0069917,-0.019766,0.0023091,0.0042251,0.003818,-0.0043936,-0.0040681,0.0084808,0.010843,0.0012569,-0.0047491,-0.0047035,-0.00040673,0.0022476,0.0033619
-0.0003217,-0.0010821,-0.001424,-0.0021415,-0.001412,0.00038126,0.00011219,0.00014022,0.0033396,0.0080902,0.010739,0.0084122,0.0030933,-0.00016152,-0.00095056,-0.0029176,-0.0073758,-0.01011,-0.0053055,-0.0074809,0.0028944,0.0043652,-0.00022948,-0.0028937,-0.0019953,-0.002132,-0.0037914,-0.0032727,-0.0032139,-0.0013259,0.00060484,0.00094407
0.0012749,0.00071124,1.0018e-05,-0.00096887,-0.00052557,0.0010465,0.00093386,0.00094419,0.003832,0.0079746,0.0091394,0.0060045,0.0011758,-0.0014819,-0.001819,-0.0026912,-0.0055107,-0.0094075,-0.0089026,-0.003016,0.0024529,0.0034676,0.0037738,0.0017864,-0.0019586,-0.0046627,-0.006683,-0.00066738,-0.0032256,-0.003384,-0.00038927,0.00027973
0.0024491,0.0019374,0.0014926,0.00059495,0.00072877,0.0017882,0.0019964,0.0023852,0.0045123,0.0072251,0.0068292,0.0033531,-0.00064044,-0.0024568,-0.0024434,-0.002906,-0.0043893,-0.007058,-0.0088954,-0.0054423,-0.00038214,0.0038555,0.006097,0.0050428,0.00038085,-0.0041841,-0.0033066,-0.0016396,-0.0078421,-0.0052214,0.001227,0.0026463
0.0033895,0.0030241,0.0029507,0.0024893,0.0023929,0.0024094,0.0026906,0.0038114,0.0053139,0.0061492,0.0046809,0.0013967,-0.0017421,-0.0028474,-0.0027549,-0.0033857,-0.0044896,-0.0057394,-0.0070693,-0.005689,-0.0012013,0.0039063,0.0066433,0.0052759,0.0012873,-0.0027184,-0.0044566,-0.0044655,-0.0042275,-0.003586,0.0044031,0.007189
0.0047612,0.0043117,0.0039922,0.0040246,0.0040399,0.0032414,0.0033868,0.0052189,0.0062155,0.0051863,0.0028176,-0.00017972,-0.0024793,-0.0031887,-0.0031195,-0.0037879,-0.004717,-0.0052094,-0.0057736,-0.0052072,-0.0020073,0.0026343,0.0056029,0.0047001,0.0010614,-0.0024238,-0.0052773,-0.006006,-0.0040503,-0.00080828,0.00086162,0.00043964
0.0063337,0.0054074,0.0044179,0.0046595,0.005091,0.0041903,0.0042048,0.0060451,0.0064527,0.0041678,0.00074999,-0.0019339,-0.003136,-0.0033189,-0.0032426,-0.0037986,-0.0046114,-0.0052091,-0.0058257,-0.0053941,-0.002696,0.0016513,0.0051163,0.0049654,0.0014136,-0.0024939,-0.0054369,-0.0056428,-0.0026419,0.00032205,-0.00025868,-0.0020504
0.0074197,0.0062294,0.0049952,0.0051404,0.0057065,0.005118,0.0050901,0.0064063,0.0062062,0.0032459,-0.0011527,-0.00392,-0.0039018,-0.0031862,-0.003005,-0.0035913,-0.0045959,-0.0059419,-0.0069391,-0.0060504,-0.0032676,0.0014772,0.0058741,0.0059756,0.0023996,-0.0014794,-0.0041139,-0.0039957,-0.0013129,0.00042097,-0.0014038,-0.0035406
0.0077676,0.0067866,0.0061808,0.0059309,0.0058806,0.0056551,0.0059111,0.0068938,0.0063877,0.0030672,-0.002266,-0.0056275,-0.0051237,-0.0036548,-0.0031242,-0.0034833,-0.0046056,-0.0063883,-0.0075787,-0.0064302,-0.0037128,0.00082071,0.005917,0.0066932,0.0037498,0.00054103,-0.0018223,-0.0021647,-0.00049461,0.00015304,-0.0016306,-0.0035652
0.0077399,0.0071293,0.007311,0.0066783,0.0057915,0.0058038,0.0065949,0.0075188,0.0068537,0.0033818,-0.0024701,-0.0065797,-0.0066685,-0.0050032,-0.0038598,-0.0035378,-0.0042604,-0.0057061,-0.0068551,-0.0062648,-0.0040381,-0.00027914,0.0046021,0.0066576,0.0049902,0.0021216,0.00015557,-0.00038916,0.00011834,-9.839e-08,-0.0015831,-0.0035335
0.0080423,0.0071617,0.0076732,0.0072279,0.0061278,0.0060925,0.0072097,0.0085123,0.0081923,0.0047304,-0.0013337,-0.0061935,-0.0078466,-0.0065319,-0.0049275,-0.0040314,-0.0041875,-0.0049001,-0.0055932,-0.0055951,-0.0042593,-0.0011871,0.0029691,0.0058953,0.0053793,0.0023737,0.0012754,0.0018155,0.0018015,0.00073793,-0.001312,-0.0038161
0.0088133,0.0074248,0.0076658,0.0076377,0.0066976,0.0063232,0.0076743,0.010012,0.010829,0.0076777,0.0013607,-0.0047755,-0.0083252,-0.0076969,-0.0061496,-0.005188,-0.0049031,-0.0048148,-0.0046684,-0.0044773,-0.0038999,-0.0019791,0.0012752,0.0044952,0.0051219,0.0027211,0.0026634,0.0040715,0.0036955,0.0017206,-0.0010703,-0.0038837
0.0095677,0.0080106,0.0076407,0.0075843,0.0068411,0.0064212,0.0083495,0.011802,0.013471,0.011196,0.0048774,-0.0027926,-0.0078552,-0.0081611,-0.0072111,-0.0064861,-0.0058457,-0.0049517,-0.004008,-0.0033207,-0.0029517,-0.0023144,-0.00025229,0.0030317,0.0049921,0.00393,0.0042976,0.0056734,0.0046236,0.0019463,-0.00089862,-0.0032007
0.010145,0.0084653,0.0074526,0.0070272,0.0066197,0.0068486,0.0095276,0.01295,0.014514,0.013506,0.0081112,-0.00018186,-0.0062888,-0.0078162,-0.0078618,-0.0075413,-0.0065363,-0.0049994,-0.0034841,-0.002523,-0.0021772,-0.0024114,-0.0014371,0.0016816,0.0046207,0.005084,0.0054123,0.0061847,0.0045807,0.0017155,-0.00042256,-0.0018965
0.010489,0.0084628,0.0071835,0.0066161,0.0064089,0.0073821,0.010494,0.01321,0.014388,0.014239,0.010242,0.0025602,-0.0038107,-0.0065188,-0.0080173,-0.008482,-0.00724,-0.0052951,-0.003307,-0.0020882,-0.0020451,-0.0029685,-0.002824,6.7475e-05,0.0037492,0.0058551,0.0066357,0.0066261,0.0045344,0.0019409,0.00042591,-0.00092217
0.010603,0.0082358,0.0069922,0.0063709,0.0061264,0.0074205,0.0105,0.012948,0.013973,0.014015,0.010996,0.0045999,-0.0013258,-0.0051205,-0.0079741,-0.0093405,-0.0081764,-0.0058776,-0.003234,-0.0015736,-0.0020311,-0.0040777,-0.0048114,-0.0015606,0.0033108,0.0069226,0.0084359,0.0075445,0.0049201,0.0024972,0.00088494,-0.0008424
0.010724,0.0080203,0.0066039,0.005854,0.0057916,0.0071599,0.01008,0.012452,0.013193,0.01309,0.011093,0.0064398,0.00093597,-0.0040918,-0.0080004,-0.009989,-0.0091157,-0.0063957,-0.0029739,-0.000855,-0.0016907,-0.0051426,-0.0070851,-0.0031248,0.0034959,0.0083086,0.01024,0.0083438,0.0054842,0.0031533,0.00097116,-0.0015004
0.010921,0.0076904,0.0057037,0.0049828,0.0055531,0.0073424,0.010016,0.011795,0.011785,0.011622,0.010761,0.0078147,0.0028728,-0.0030731,-0.0079452,-0.010306,-0.0097016,-0.0067867,-0.0027802,-0.00038547,-0.0013542,-0.005351,-0.0082935,-0.0045,0.0035162,0.0093449,0.011718,0.0094013,0.0064816,0.0040305,0.00093477,-0.0024497
0.011284,0.0072367,0.0045314,0.0037598,0.0049063,0.0073281,0.0097709,0.010875,0.010561,0.010603,0.01042,0.00842,0.0039653,-0.0022411,-0.0074888,-0.010118,-0.0097631,-0.0069001,-0.0027619,-0.00051702,-0.0014054,-0.0045346,-0.0072348,-0.0046406,0.00321,0.0098264,0.012626,0.010915,0.0081421,0.0051405,0.00080412,-0.0035212
0.011785,0.0069232,0.0035222,0.0023938,0.0037575,0.0065285,0.0090782,0.009939,0.010105,0.010769,0.010734,0.0088435,0.0043532,-0.0018058,-0.007005,-0.0096198,-0.0091971,-0.0062185,-0.0027342,-0.0013927,-0.0020683,-0.003494,-0.0045037,-0.0030183,0.0030983,0.0096418,0.012566,0.011982,0.0097217,0.0059967,0.00038376,-0.0043445
0.0125,0.0070419,0.0029772,0.0015142,0.0028761,0.0058055,0.0083116,0.00906,0.0097338,0.010939,0.011035,0.0091657,0.0045615,-0.0017078,-0.0068734,-0.0091254,-0.0080156,-0.0046967,-0.0025764,-0.0027721,-0.0033446,-0.0029189,-0.0016407,-0.0002306,0.0034803,0.0086906,0.011545,0.012002,0.01059,0.006543,0.00024834,-0.0046721
0.013416,0.0077586,0.0034987,0.0018416,0.0031236,0.0059134,0.0078228,0.0081305,0.0090791,0.010724,0.011408,0.0097524,0.004878,-0.0017152,-0.0069323,-0.0087178,-0.0066929,-0.002995,-0.0021299,-0.0037218,-0.0043639,-0.0026692,0.00045246,0.0024426,0.0042322,0.0076989,0.010383,0.011385,0.010538,0.0067992,0.00058867,-0.0046087
0.014193,0.0088545,0.0048741,0.0030119,0.0040761,0.0064401,0.0073912,0.0069786,0.0083179,0.010996,0.012551,0.010963,0.005476,-0.0014451,-0.0066064,-0.0080304,-0.0055423,-0.0015201,-0.0013585,-0.0035616,-0.004372,-0.0021952,0.001896,0.0044092,0.0052682,0.0071435,0.0091147,0.009878,0.0092243,0.0061947,0.00073392,-0.0045549
0.01428,0.0094311,0.0060955,0.0041994,0.0049107,0.0070139,0.0071173,0.0057822,0.0071758,0.01124,0.013806,0.012101,0.0062942,-0.00079713,-0.0059635,-0.0073007,-0.0049075,-0.00095475,-0.00061752,-0.0023386,-0.0031264,-0.0010746,0.0029859,0.0054323,0.0056659,0.0061441,0.0072571,0.0076293,0.0071745,0.004851,4.4676e-05,-0.0046333
0.013617,0.0094921,0.0068783,0.0052244,0.005745,0.0078828,0.0074609,0.0050013,0.0057742,0.010767,0.01431,0.013199,0.0074945,0.00027099,-0.0050578,-0.0065179,-0.0047458,-0.0016467,-0.00021131,-0.00037322,-0.00066019,0.00059567,0.0032812,0.0046679,0.0044112,0.004339,0.0051683,0.0055745,0.0054926,0.0037439,-0.00058171,-0.0045399
0.013172,0.010081,0.0078242,0.0062317,0.0065176,0.0084374,0.0078913,0.0050653,0.0053716,0.010435,0.014885,0.014788,0.0088758,0.0014754,-0.0036992,-0.0053182,-0.004532,-0.0024563,0.00016504,0.001783,0.0020284,0.0019461,0.00255,0.0026665,0.002281,0.0026289,0.0037393,0.0041465,0.004135,0.0028444,-0.00088811,-0.0044091
0.013616,0.011302,0.0090549,0.0069866,0.0066796,0.0077223,0.0072699,0.0054307,0.0063241,0.011456,0.016292,0.016275,0.0099839,0.0027543,-0.0018597,-0.0033469,-0.0034604,-0.002301,0.00064174,0.003264,0.0038036,0.0025982,0.0014437,0.00049099,0.00018229,0.001291,0.0026876,0.0027875,0.0025711,0.0016979,-0.0013942,-0.0045919
0.01458,0.012566,0.010072,0.0073361,0.0062616,0.0061899,0.0056492,0.0050193,0.0074257,0.013349,0.018404,0.018077,0.011428,0.0040067,-0.00044188,-0.0016649,-0.002109,-0.0015687,0.0011651,0.0040091,0.0046001,0.0027419,0.00042764,-0.0013473,-0.0015444,-2.8998e-06,0.001704,0.0016491,0.0013493,0.00070634,-0.0019922,-0.0049562
0.015463,0.013607,0.010843,0.0075164,0.0058274,0.0048556,0.0037331,0.0033799,0.0077308,0.015766,0.021665,0.021093,0.013842,0.0054458,0.00027495,-0.00087989,-0.0013062,-0.00090354,0.0019324,0.0049501,0.0053388,0.0028921,-0.00014618,-0.0025302,-0.0027573,-0.0010949,0.00097807,0.0012558,0.0010638,0.00043349,-0.0022078,-0.0050442
0.01612,0.014668,0.011794,0.007619,0.0052221,0.0039516,0.0022152,0.001584,0.0084344,0.019403,0.025717,0.024046,0.015887,0.0065295,0.00059236,-0.0007028,-0.0012607,-0.00066587,0.002614,0.0058508,0.0060938,0.0034349,0.00010449,-0.002741,-0.0032986,-0.0018559,0.00020995,0.0011212,0.001031,0.00038049,-0.0021221,-0.0047626
0.016201,0.015109,0.012382,0.0074006,0.0046206,0.0036344,0.0017217,0.0007625,0.009636,0.022664,0.028233,0.025552,0.017022,0.0071949,0.0004021,-0.001387,-0.0019989,-0.0011152,0.0026795,0.0059212,0.0064767,0.0043513,0.00098672,-0.0021777,-0.0030018,-0.0021672,-0.00077146,0.00045566,0.00054907,7.1817e-05,-0.0017622,-0.004136
0.015533,0.014343,0.011853,0.0067207,0.0044389,0.0042002,0.0023986,0.00082203,0.0099858,0.023391,0.028532,0.026697,0.018615,0.0077603,-0.00032973,-0.0030456,-0.0034225,-0.0017144,0.0027031,0.0060562,0.0070788,0.0053755,0.0015637,-0.0017908,-0.0022077,-0.0016082,-0.0012641,-0.00034738,0.00034211,0.00016901,-0.0010433,-0.0032722
0.014528,0.012836,0.010492,0.0061059,0.0050148,0.0057656,0.0041357,0.0021764,0.010141,0.022303,0.027588,0.027465,0.019888,0.0080947,-0.00063877,-0.0039152,-0.00423,-0.0019528,0.0032329,0.0071785,0.0083725,0.0063231,0.0014179,-0.0020535,-0.0011195,9.177e-05,-0.00097755,-0.0013008,0.00017705,0.00064979,-0.00039734,-0.0025823
0.013506,0.011414,0.008937,0.0056931,0.0057094,0.0072569,0.0061781,0.004912,0.011787,0.021703,0.026205,0.026509,0.019169,0.0076383,-0.00027683,-0.0029288,-0.0031372,-0.0012983,0.0039105,0.008438,0.0097312,0.0069631,0.00062052,-0.0027952,0.00028251,0.0022373,-0.00078091,-0.0031208,-0.00065428,0.00098436,-0.00020267,-0.0025761
0.01218,0.010404,0.0080361,0.0057656,0.0061727,0.0078807,0.0074856,0.0074757,0.013746,0.021123,0.024531,0.024637,0.017655,0.0068907,-0.00018576,-0.0016417,-0.0014176,-0.00019435,0.0046303,0.0093169,0.010781,0.0074061,-0.00030512,-0.0032859,0.0014657,0.0033414,-0.0010293,-0.0048217,-0.0012179,0.0016551,-1.0916e-05,-0.0029425
0.010246,0.0089978,0.0074864,0.0066247,0.0073132,0.0085118,0.0082962,0.0091506,0.014336,0.019823,0.023108,0.023482,0.016871,0.0062645,-0.00054766,-0.0011323,-0.00031634,0.00093633,0.0056558,0.010419,0.011859,0.0079809,-0.00048057,-0.0032763,0.0013825,0.0029583,-0.0014127,-0.005207,-0.00057866,0.0027018,0.00033559,-0.0033033
0.0080307,0.007281,0.0070365,0.0078233,0.008964,0.0094968,0.0091447,0.010251,0.014041,0.018268,0.0218,0.022261,0.01556,0.0055007,-0.00053635,-0.00069051,0.00051668,0.0021152,0.0067754,0.011561,0.012967,0.0088597,0.0004539,-0.0030524,0.00010759,0.0012751,-0.0023816,-0.0046397,0.00024016,0.0029901,0.00032261,-0.0035824
0.0059282,0.0058219,0.0068376,0.0087597,0.01002,0.0099794,0.009635,0.010856,0.013874,0.017402,0.02086,0.020604,0.013705,0.0046517,-0.00015288,0.00037717,0.0017471,0.0031356,0.0074962,0.012528,0.014419,0.010176,0.0017712,-0.0028942,-0.0019031,-0.0017128,-0.0042835,-0.0042821,1.8934e-05,0.0021884,0.00017538,-0.0033138
0.0036813,0.0044882,0.0067747,0.009244,0.010348,0.0099808,0.0095935,0.010835,0.013714,0.017296,0.020765,0.020046,0.012981,0.0043379,0.00024695,0.0014173,0.0031749,0.0044764,0.0085186,0.014017,0.016389,0.01151,0.0024381,-0.0032609,-0.003975,-0.0046781,-0.0060504,-0.004212,-0.00050349,0.0013431,0.00036322,-0.0024856
0.0014766,0.0031208,0.0065611,0.0093088,0.010327,0.0099908,0.0093389,0.010265,0.013287,0.017173,0.020786,0.020458,0.013441,0.0047025,0.00091536,0.0025339,0.0049797,0.0068966,0.010528,0.015872,0.017915,0.012336,0.0024993,-0.0042446,-0.005923,-0.0069968,-0.0073024,-0.0042963,-0.00063557,0.0009409,0.00037534,-0.0019863
-0.0001511,0.0020464,0.0061262,0.0087868,0.0095364,0.0092634,0.0085047,0.0095305,0.013084,0.016952,0.020207,0.020098,0.013219,0.0050268,0.0019995,0.004214,0.00728,0.0093048,0.012208,0.016681,0.018212,0.01294,0.0027236,-0.0053677,-0.0080677,-0.0094039,-0.0087929,-0.0049382,-0.0011433,0.00019301,-0.00021156,-0.0019586
-0.00074492,0.0015347,0.0053544,0.0074209,0.0077889,0.0076664,0.0072449,0.0090186,0.01325,0.016828,0.019382,0.018907,0.012535,0.005575,0.0035411,0.0064785,0.0094312,0.010577,0.012991,0.01675,0.018175,0.013167,0.0028703,-0.0059552,-0.0098719,-0.011515,-0.01019,-0.0057992,-0.0020249,-0.00067861,-0.0005687,-0.0015713
-0.00070974,0.0012198,0.0041877,0.0057037,0.0059973,0.006029,0.0059731,0.0080759,0.012387,0.015929,0.018661,0.01829,0.012181,0.0058236,0.0045026,0.0075648,0.010244,0.011429,0.013978,0.016957,0.017446,0.011858,0.0023443,-0.0057267,-0.010348,-0.012348,-0.010762,-0.0063769,-0.0029663,-0.0012098,-0.00049748,-0.00067799
-0.00080772,0.00059204,0.0027167,0.0040353,0.0045598,0.0046633,0.0047077,0.0067197,0.010695,0.014443,0.017952,0.018043,0.011783,0.0056354,0.0049445,0.0085236,0.01143,0.013104,0.015094,0.016534,0.015413,0.0096826,0.001917,-0.0046876,-0.0094673,-0.011707,-0.010542,-0.0070807,-0.0041234,-0.0018494,-0.00052668,2.3245e-05
-0.0012756,-0.00039207,0.0010494,0.0021431,0.0028297,0.0030712,0.0032586,0.0052979,0.0092637,0.013272,0.017065,0.017238,0.011126,0.0054457,0.0055378,0.0099006,0.01307,0.014322,0.015257,0.015392,0.013968,0.0091523,0.0027112,-0.003351,-0.0082275,-0.010526,-0.010208,-0.0079146,-0.0052898,-0.0026579,-0.00074769,0.00054388
-0.001793,-0.0013652,-0.00055581,0.00021514,0.0010756,0.0017981,0.0023381,0.0042642,0.0083408,0.01284,0.016451,0.016324,0.01033,0.0054961,0.0058769,0.010325,0.013743,0.015034,0.015398,0.015025,0.013993,0.010085,0.0040177,-0.0022688,-0.0072269,-0.009451,-0.0096352,-0.0081744,-0.005854,-0.0030067,-0.00046468,0.0014896
-0.0025437,-0.0023852,-0.0018539,-0.0011881,-3.4972e-05,0.0013915,0.0022383,0.0037511,0.0075505,0.01218,0.015875,0.015826,0.0098992,0.0055109,0.0059743,0.010477,0.014489,0.016286,0.016288,0.01551,0.014214,0.010446,0.0046605,-0.0014522,-0.0062516,-0.008257,-0.0084355,-0.0075809,-0.0058077,-0.0030299,-0.00011094,0.0022178
-0.0035293,-0.0033656,-0.0027604,-0.0019526,-0.00064104,0.0011274,0.0021897,0.0035024,0.0069489,0.011415,0.015143,0.015356,0.0096786,0.0054591,0.006255,0.011461,0.016052,0.017429,0.016847,0.016171,0.014828,0.010798,0.0052665,-0.00044069,-0.0051532,-0.0071815,-0.0074548,-0.0071954,-0.006142,-0.0034714,-0.00026593,0.0024269
-0.0039406,-0.0036426,-0.0029139,-0.0020989,-0.00096846,0.00049525,0.0016845,0.0032927,0.0069952,0.011416,0.014987,0.014855,0.0094293,0.0054066,0.0065269,0.012129,0.016472,0.01697,0.016505,0.01696,0.016185,0.012059,0.0062576,0.00055639,-0.0042239,-0.0065207,-0.0071224,-0.0072973,-0.0065671,-0.0036949,-6.1789e-05,0.002852
-0.0025837,-0.0026608,-0.0021058,-0.0015171,-0.00085078,0.00015105,0.0013826,0.0032925,0.0071378,0.011837,0.015329,0.014269,0.0089316,0.0053529,0.006535,0.011806,0.015726,0.016401,0.016652,0.017509,0.016731,0.012736,0.0069212,0.0012384,-0.0034636,-0.0059483,-0.0068264,-0.0070158,-0.0061094,-0.0029334,0.00075364,0.0036409
0.00053038,-0.00072214,-0.00084428,-0.00071197,-0.00060495,-1.9142e-05,0.0011817,0.0031723,0.0069194,0.011891,0.015495,0.013598,0.0082454,0.0052805,0.0067047,0.011579,0.015639,0.017088,0.017403,0.017383,0.016357,0.013048,0.0077042,0.0020475,-0.0024772,-0.0051939,-0.0062007,-0.0061083,-0.0051267,-0.0021538,0.0012416,0.0040131
0.0032928,0.001357,0.00044784,-6.0953e-05,-0.00052047,-0.00038351,0.00071785,0.0030723,0.0071726,0.012219,0.015488,0.012943,0.0072867,0.0047595,0.0066978,0.011318,0.015053,0.016621,0.017133,0.017262,0.016825,0.01419,0.0088144,0.0029783,-0.001488,-0.0044105,-0.0054745,-0.0052883,-0.004612,-0.0021113,0.001109,0.0037726
0.0035204,0.0026208,0.0017001,0.00047703,-0.00066058,-0.00069282,0.00053897,0.0034827,0.0082678,0.013204,0.015353,0.012305,0.0065592,0.004025,0.0061584,0.010641,0.013698,0.014832,0.016366,0.017808,0.017868,0.014937,0.0091574,0.0033192,-0.0010893,-0.0038231,-0.0044771,-0.0043912,-0.004052,-0.001867,0.0011588,0.0036003
0.0012777,0.0019583,0.0022174,0.00090878,-0.00071401,-0.00086671,0.0007069,0.0039962,0.0091336,0.013602,0.014483,0.011664,0.0064744,0.0037163,0.0055886,0.010232,0.013222,0.014443,0.016708,0.018316,0.017892,0.014811,0.0092813,0.0036185,-0.00077969,-0.003044,-0.0029956,-0.0029056,-0.0028694,-0.0010757,0.0014779,0.0036692
0.0002968,0.00042074,0.0013362,0.00056737,-0.00080779,-0.00098492,0.00069565,0.0041178,0.0089643,0.012974,0.013229,0.010728,0.006201,0.0034329,0.0046239,0.0091388,0.012691,0.014371,0.016699,0.01794,0.017507,0.01524,0.010244,0.0045475,-7.2602e-05,-0.0019525,-0.0015385,-0.0014626,-0.0016791,-0.00052586,0.0014782,0.0035098
-0.002032,-0.0016328,0.00044982,-0.00051145,-0.001217,-0.0009172,0.0008276,0.0041114,0.0085216,0.012454,0.01282,0.010031,0.0055386,0.0028273,0.0036294,0.0073648,0.01082,0.01298,0.01574,0.017527,0.017969,0.015977,0.010618,0.0048756,0.0008313,-0.00056569,-0.00029507,-0.00030967,-0.00070366,-9.9707e-05,0.0013397,0.0032903
-0.00094811,-0.0042522,-0.0022309,-0.0025445,-0.0023539,-0.0013809,0.00075691,0.0038376,0.0075162,0.011475,0.01275,0.010097,0.0053151,0.0025611,0.0032573,0.0066179,0.0097596,0.012298,0.015711,0.018081,0.018395,0.01548,0.0097398,0.0046181,0.0020931,0.0012699,0.0011209,0.0009129,0.000469,0.00068433,0.0017561,0.0034277
0.0053116,-0.0020307,-0.0097924,-0.003655,-0.0034831,-0.0024647,-0.00029395,0.0026336,0.0055576,0.0089747,0.011454,0.010012,0.0054826,0.002482,0.0027631,0.00563,0.0090951,0.012387,0.015782,0.017871,0.017467,0.014251,0.0091846,0.0053368,0.0038794,0.0032002,0.0025599,0.0019404,0.0014881,0.0014527,0.0022139,0.003381
0.010572,0.0054149,-0.0026638,-0.0080772,-0.0033659,-0.0030945,-0.0017146,0.0008988,0.0039315,0.0068302,0.00963,0.0092248,0.0051216,0.0020584,0.0018467,0.0041686,0.007875,0.011294,0.014267,0.016289,0.015831,0.013147,0.0095137,0.0066838,0.0054113,0.0046307,0.0037311,0.0028689,0.0021818,0.0017795,0.0022159,0.0029151
0.016956,0.011736,0.0058948,0.0021345,-0.0017157,-0.00693,-0.0016131,-0.00024914,0.0027049,0.0058255,0.0084685,0.0083094,0.0045603,0.0018399,0.0015522,0.0036476,0.0071409,0.010118,0.013197,0.015719,0.015136,0.012224,0.0094323,0.007322,0.006042,0.0055113,0.0050041,0.0041121,0.0030641,0.0021279,0.0019317,0.0022151
0.017284,0.017391,0.010873,0.008379,0.0088434,0.0048935,-0.00024951,-0.00039208,0.0014051,0.0047632,0.007957,0.0080664,0.0045078,0.0019567,0.0016537,0.0038592,0.0071659,0.0099763,0.013287,0.015631,0.014445,0.011474,0.0092203,0.0076459,0.0067818,0.0067843,0.0064079,0.0051629,0.0036608,0.0022693,0.0013559,0.001147
0.0094415,0.013447,0.012756,0.011292,0.010147,0.0064623,0.0024264,0.00022874,0.00062814,0.0032586,0.0074061,0.0079925,0.0045224,0.0018492,0.0012269,0.003268,0.0066244,0.0094054,0.012219,0.013351,0.011906,0.010063,0.0090135,0.008113,0.0076264,0.0080455,0.0074783,0.0056375,0.0036715,0.0019463,0.00050317,-0.00020741
0.00095546,0.0036157,0.007537,0.0074563,0.0074109,0.0071704,0.0069785,0.0010355,0.00041673,0.0019118,0.0065503,0.0077005,0.0045202,0.0019304,0.0012764,0.0028995,0.005975,0.0086106,0.010964,0.011215,0.0096333,0.0085406,0.0079333,0.0073048,0.0073333,0.0082225,0.0078698,0.0060286,0.0038323,0.0016095,-0.00014281,-0.0011297
-0.00391,-0.0025487,0.0030548,0.0012124,0.00097262,0.008889,0.0073147,0.0056997,0.00022324,0.001335,0.0055974,0.007277,0.004831,0.0025443,0.0018433,0.0029943,0.0055657,0.0079679,0.010683,0.011155,0.0091747,0.0074224,0.0064561,0.0060315,0.0068609,0.0080147,0.0076504,0.0063487,0.0042265,0.0017264,-0.0002623,-0.001451
-0.003088,-0.00029343,0.00093465,0.0016544,0.0023279,0.0026136,0.0097107,0.0067313,0.00010925,0.00072434,0.0044876,0.007011,0.0051157,0.0027583,0.0016307,0.0022547,0.0044615,0.0065352,0.0090817,0.0097292,0.0076788,0.0054837,0.0048996,0.0059674,0.0077222,0.0082772,0.0073427,0.0063681,0.0046473,0.0020768,-0.00025021,-0.0020165
-0.00014006,0.00075628,0.001947,0.0023301,0.0037671,0.0041461,0.022975,0.010464,0.00020136,7.3287e-05,0.0031838,0.0064127,0.0051601,0.0028401,0.0015728,0.0019615,0.0037023,0.0055417,0.0074793,0.0076903,0.0055629,0.0032617,0.0033225,0.0056845,0.0084405,0.0088178,0.007537,0.0065302,0.0051024,0.0024541,-0.00036145,-0.0028459
0.0010214,0.0022564,0.0024983,0.001748,0.0028219,0.0042166,0.034878,0.015864,0.00047507,-0.0011401,0.0017415,0.0054907,0.0057835,0.003961,0.0027002,0.0027379,0.0039684,0.0057869,0.0073037,0.0073715,0.0052031,0.0025832,0.0022008,0.0047947,0.0081337,0.0094144,0.0083093,0.006827,0.0050793,0.0025019,-0.00033394,-0.0029791
0.0015169,0.0030986,0.002641,0.00050283,0.00031415,0.027085,0.044101,0.022883,-0.0016742,-0.0014546,0.001418,0.0050174,0.0062202,0.0047329,0.0030578,0.0022609,0.0026167,0.0037443,0.005183,0.0059694,0.0046116,0.0020817,0.0011552,0.0037399,0.008003,0.0098089,0.008245,0.0058533,0.0041366,0.0022512,8.0031e-05,-0.0020671
0.0021317,0.0036813,0.0025134,-0.00028738,-0.00083361,0.023541,0.0076406,0.0047886,-0.00056774,-0.00053092,0.0023638,0.0049583,0.0055888,0.004149,0.0024897,0.0012415,0.00066012,0.0013302,0.0027436,0.0037381,0.00304,0.00098368,0.00018966,0.0032628,0.0080744,0.0096543,0.00734,0.0045803,0.003232,0.0020988,0.00035312,-0.0016899
0.0032805,0.0042554,0.0029022,-0.00018921,-8.7543e-05,0.0038313,0.0082412,0.0052902,0.0057497,0.0028115,0.0029362,0.0043091,0.0052104,0.0046028,0.0033036,0.001958,0.00084906,0.0013322,0.0028063,0.0039335,0.003674,0.0016551,0.00023762,0.0025185,0.0067565,0.0083722,0.006425,0.0039873,0.0030875,0.0021253,0.00011806,-0.0022886
0.0035689,0.0036387,0.0027551,0.00045597,0.00012268,0.0029911,0.0064413,0.0051917,0.0134,0.0096079,0.0089496,0.0026351,0.0051663,0.0057569,0.0042427,0.0019052,-0.00020124,-0.00052955,0.00095034,0.0030499,0.0045319,0.0037272,0.0018051,0.0021949,0.00442,0.0058355,0.0051412,0.0036015,0.0029235,0.0019922,0.00018886,-0.0018728
0.010373,0.013143,0.0019766,0.00097043,-0.00041845,0.00091593,0.0044024,0.0065829,0.0053931,0.0039404,0.001894,0.0074901,0.0042061,0.0052406,0.0032263,-0.0004479,-0.0033913,-0.0038795,-0.0022563,-0.00048822,0.0013487,0.0028532,0.0029805,0.0027311,0.0034163,0.0037064,0.0027201,0.0020952,0.0019157,0.0015851,0.00073123,-0.00027548
0.0033571,0.012124,0.0060935,0.00156,-0.0010849,-0.0014098,0.0024399,0.0088315,0.013603,0.011599,0.0038382,0.011193,0.0032229,0.0041537,0.0022379,0.00021594,2.8009e-05,6.9286e-05,0.004533,9.6732e-05,-0.00032525,-7.2648e-05,0.0020178,0.0037579,0.0037797,0.002449,0.00085371,0.00024911,0.00062534,0.00092784,0.00064631,0.00010858
0.00413,0.003536,0.0035382,0.0026745,-0.0016846,-0.0034995,0.0003411,0.009889,0.021318,0.01948,0.0058312,0.001746,0.0020898,0.0031375,0.0032838,0.035971,0.03665,0.04585,0.039877,0.013794,0.0070125,0.00038806,0.00069989,0.0020623,0.0033211,0.0020917,0.00032411,-0.00066994,-0.00076232,-0.00013562,-7.2729e-06,-0.00022522
0.0048378,0.0049161,0.0054325,0.0047364,-0.00089661,-0.0042212,-0.0013917,0.008063,0.022259,0.020612,0.0053202,0.010039,0.0078975,0.017998,0.033588,0.048728,0.049419,0.037742,0.03071,0.03287,0.025981,0.0088397,0.00069984,0.00033177,0.00042691,0.00074288,-0.00084873,-0.0023845,-0.0020456,-0.00075596,0.00059826,0.0017753
0.0044641,0.004982,0.006459,0.0067433,0.0013894,-0.0032689,-0.0013367,0.0062376,0.019319,0.017302,0.026417,0.012842,0.012173,0.017803,0.027691,0.022737,0.0097579,0.0020128,0.0017524,0.010698,0.020813,0.01618,0.0068974,0.0029281,-4.2787e-05,-0.00032075,-0.0010743,-0.0021692,-0.0013036,0.0010698,0.0034498,0.0045374
0.0038582,0.0041447,0.0056715,0.0069797,0.0034271,-0.00087626,0.00015599,0.0052904,0.013805,0.011808,0.033145,0.0243,0.025777,0.022053,0.01879,0.0093923,0.004941,0.0033877,0.0040015,0.0045553,0.003333,0.0055232,0.0042782,0.0030483,0.0020676,0.00039741,0.00058054,0.00045779,0.0011094,0.0018533,0.0019622,0.0021009
0.0037996,0.0033192,0.0039937,0.0049495,0.0039511,0.0018784,0.0020555,0.0039946,0.0068672,0.0054121,0.030787,0.027474,0.018008,0.010707,0.0076419,0.0080683,0.010075,0.012748,0.012619,0.0061132,0.00040021,-0.0016303,0.0016608,0.00022171,-0.0011975,-6.1532e-05,0.0012024,0.0014016,0.00064904,-0.00013709,-0.0014889,-0.010202
0.0040289,0.0026621,0.0021642,0.0020415,0.002711,0.0036826,0.0035697,0.0027538,0.0016514,0.00017723,0.015048,0.014504,0.0090059,0.0029622,0.0026618,0.005837,0.0087389,0.0086823,0.0080376,0.0068514,0.0026938,0.00062636,4.3329e-05,-0.0043289,-0.0045291,-0.0040572,-0.0032399,-0.001789,-0.0037475,-0.0080557,-0.017958,-0.020532
0.0039013,0.002142,0.0009709,9.2948e-05,0.0011533,0.0035657,0.0036864,0.0018516,-0.00012301,-0.0014269,0.0021227,0.0092011,0.005352,0.00062711,0.0020847,0.0072528,0.0081744,0.0050596,0.0030537,0.0043477,0.0043884,0.002527,-0.0022038,-0.0068923,-0.0083837,-0.0051066,-0.0045696,-0.0030764,-0.0068817,-0.0096373,-0.0070769,-0.0051294
0.0035099,0.0019354,0.00087396,-0.00018488,0.00046299,0.0024901,0.0026127,0.0012671,6.2469e-05,-0.0010842,-0.0015496,0.0018203,0.0049639,0.003812,0.0064802,0.011378,0.01375,0.01245,0.0080118,0.0047503,0.0034372,0.0004438,-0.0022441,-0.0046679,-0.0060794,-0.0050122,-0.0052256,-0.0045915,-0.0032473,0.00067518,0.0077437,0.011323
0.0032054,0.0020717,0.0013609,0.00034253,0.00011256,0.0011982,0.0015983,0.0013606,0.00087982,-0.00086057,-0.010638,-0.0074225,0.0010417,0.0091848,0.01397,0.013752,0.012191,0.01174,0.0098014,0.0047926,0.001367,-0.00014533,-0.0029531,-0.0036786,-0.0043755,-0.0028851,0.0010784,0.0060939,0.010207,0.014895,0.022126,0.020786
0.0027818,0.0020668,0.0015967,0.00065038,-0.00012746,0.00029441,0.0013116,0.0020856,0.0013412,-0.0015617,-0.0034053,-0.012828,-0.0018738,0.010391,0.022694,0.018075,0.0084548,0.005438,0.005934,0.004243,0.0017527,0.00074688,-0.0028148,-0.0071481,-0.0051366,-0.0015594,0.0047185,0.01148,0.014601,0.017037,0.016881,0.01181
0.002061,0.0017649,0.0012665,0.00042763,-0.00029195,-5.9059e-05,0.0013293,0.0026784,0.0012171,-0.002999,-0.0046407,-0.0022287,-0.0023989,0.0076902,0.019864,0.020524,0.010587,0.0066971,0.0070909,0.0066132,0.0034954,0.0007133,-0.001304,-0.0036266,-0.00088125,0.0033042,0.0062569,0.0094814,0.011382,0.012022,0.011366,0.0079006
