0.0013792,-0.0086809,-0.040076,-0.044176,-0.032986,-0.010062,0.018217,0.03055,0.047166,0.0064326,0.0097225,0.010747,0.052599,0.014247,0.00028599,0.00078139,0.0058145,0.002606,0.0066542,0.007938,0.0068779,0.0051669,0.0045167,0.0037393,0.0016112,-0.0010524,-0.0040061,-0.0065669,-0.0089501,-0.011193,-0.012308,-0.01302
0.025591,0.01968,-0.011117,-0.034299,-0.02247,-0.0031904,0.017765,0.024089,0.029692,0.028092,0.0069419,0.011922,0.01027,0.032771,0.0046621,-0.0005411,0.0034671,0.013229,0.0033642,0.0047632,0.0041606,0.0040449,0.0045423,0.0040811,0.0014946,-0.0014891,-0.0042834,-0.0067606,-0.0089969,-0.011298,-0.013291,-0.014726
0.038904,0.027733,0.011819,-0.0087977,-0.0012642,0.020276,0.031917,0.036318,0.027531,0.018969,0.020486,0.011378,0.016954,0.011009,0.0047644,0.0018444,0.00073812,0.014404,0.021103,0.0027136,0.0017238,0.0026897,0.0042569,0.0034188,0.00065097,-0.0021733,-0.0044129,-0.0064764,-0.0083865,-0.01057,-0.013183,-0.015475
0.018673,0.037606,0.02329,0.008236,0.0144,0.0094055,0.011287,0.042903,0.024655,0.022211,0.028486,0.011727,0.020764,0.0179,0.010873,0.0060059,0.0046221,0.0047964,0.0042536,0.012661,0.0013106,0.0019622,0.003774,0.0024152,-0.00048131,-0.0026918,-0.004064,-0.0056971,-0.0076523,-0.0097367,-0.012279,-0.014891
0.0033175,0.024719,0.024916,0.0065874,0.019579,0.010358,0.013583,0.0094628,0.020729,0.025748,0.0056698,0.014069,0.022175,0.018075,0.010163,0.0050059,0.0051709,0.008356,0.008188,0.0043853,0.0022175,0.0024591,0.0034933,0.001284,-0.0021227,-0.0040277,-0.004178,-0.0050911,-0.0073175,-0.0098746,-0.012251,-0.014515
0.0020002,0.022219,0.012127,0.01091,0.0079099,0.0096623,0.015366,0.011838,0.0067068,0.00423,0.0053023,0.01289,0.020388,0.01435,0.0049108,0.013977,0.016303,0.0054012,0.0083793,0.0059395,0.003061,0.0035539,0.0032657,0.00037748,-0.0034879,-0.0054855,-0.004949,-0.0045205,-0.006574,-0.010027,-0.012676,-0.014908
0.0051366,0.011592,0.0086713,0.0035223,-0.00045426,0.010229,0.018108,0.015967,0.0089953,0.0031749,0.0025016,0.01037,0.017763,0.01115,0.021679,0.0071084,0.013675,0.025601,0.0069338,0.0071698,0.00432,0.0035892,0.0016967,-0.0012116,-0.0047537,-0.0070869,-0.0060741,-0.0047752,-0.006074,-0.0092712,-0.012311,-0.014458
0.009919,0.010064,0.0060574,-0.0046952,0.0015773,0.011172,0.019307,0.017135,0.0086252,0.0013884,0.00097474,0.01019,0.015169,0.0073683,0.01623,0.011562,0.017461,0.023844,0.0077031,0.0098682,0.0055685,0.0015102,-0.0023326,-0.0041927,-0.0070545,-0.0099881,-0.0091447,-0.0066837,-0.022783,-0.028598,-0.050219,-0.013093
0.0084781,0.0081335,0.0025029,-0.0051724,0.0020695,0.010394,0.01615,0.012707,0.0034905,-0.0018693,0.0012566,0.010447,0.010373,0.025446,0.010957,0.013006,0.019324,0.020101,0.010041,0.012696,0.0060397,-0.0014283,-0.006294,-0.0072085,-0.0098212,-0.014078,-0.013542,-0.03446,-0.032345,-0.033799,-0.045276,-0.04459
0.0043327,0.012948,0.0090451,0.0025099,0.0022632,0.0062964,0.010176,0.0062721,-0.0019386,-0.0041738,0.0017505,0.0086951,0.0059565,0.0093363,0.0011182,0.021573,0.0033913,0.004613,0.011776,0.014464,0.0058824,-0.0036879,-0.0093345,-0.010198,-0.012263,-0.016419,-0.015853,-0.04232,-0.036975,-0.035416,-0.036807,-0.050324
-0.0033769,0.0169,0.0091255,0.0076188,0.0021769,0.0018882,0.0050001,0.0018141,-0.0037366,-0.003998,0.0018426,0.0053126,0.00255,0.00089217,0.0037231,0.0070897,0.00551,0.040582,0.011118,0.013905,0.0050591,-0.0054915,-0.012548,-0.01338,-0.013058,-0.015161,-0.042665,-0.035507,-0.031972,-0.028183,-0.029055,-0.035463
-0.0032168,0.0067007,0.014371,0.01137,0.0029168,0.00010302,0.0021566,0.00064309,-0.0019165,-0.0023593,0.00071395,0.00064251,-0.0012567,4.3389e-06,0.0070934,0.011854,0.0070983,0.037531,0.009164,0.011281,0.0037715,-0.007062,-0.015353,-0.014127,-0.011844,-0.011991,-0.028005,-0.025962,-0.019706,-0.019239,-0.020498,-0.025109
-0.0065439,0.0059191,0.014089,0.011125,0.0039586,0.001212,0.0025013,0.0023128,0.0010593,-0.001077,-0.0024389,-0.0029558,-0.0032381,-0.0011157,0.0068976,0.011215,0.0072516,0.0049829,0.0080313,0.0090441,0.003082,-0.0082097,-0.016752,-0.013225,-0.0086366,-0.033882,-0.018152,-0.012982,-0.010935,-0.015499,-0.017608,-0.015674
-0.008979,0.0021203,0.0095139,0.0084262,0.0041247,0.0024709,0.0034463,0.0040187,0.0029436,-0.001519,-0.0039551,-0.03518,-0.027536,-0.0008097,0.005717,0.0083,0.0064843,0.0065539,0.0087684,0.0083816,0.0021744,-0.0093799,-0.01676,-0.013111,-0.032939,-0.016064,-0.0078425,-0.0074412,-0.0084267,-0.015754,-0.014753,-0.0071709
-0.0099621,-0.0012915,0.0056375,0.0061687,0.0035772,0.0018191,0.0021525,0.0033246,0.0025662,-0.0019699,-0.0041665,-0.0032089,-0.0025344,-0.00060478,0.0041148,0.005836,0.0059866,0.0080101,0.010195,0.0080942,0.00088901,-0.008369,-0.015078,-0.014102,-0.02336,-0.0029062,0.00083301,-0.0043895,-0.0083414,-0.014841,-0.0076161,0.00082026
-0.010183,-0.003364,0.0029155,0.0046235,0.0025057,0.00016943,7.977e-05,0.0010821,0.00086669,-0.0015238,-0.0029821,-0.0035539,-0.0038788,-0.0025326,0.0006605,0.0024239,0.0033796,0.005698,0.0086026,0.0077935,0.0017168,-0.0050995,-0.010135,-0.010131,-0.019167,-0.0014041,0.0016867,-0.0018849,-0.0082764,-0.011663,-0.0030008,0.0080329
-0.0104,-0.0047964,0.00080642,0.0030803,0.001432,-0.00048243,-0.00052576,0.00050061,0.00066,-0.00066938,-0.0029077,-0.0051891,-0.0065053,-0.0052965,-0.0028505,-0.00094492,0.00032516,0.0022043,0.0062042,0.0088433,0.0057113,-0.00025902,-0.0053587,-0.010359,-0.0084426,-0.0065748,-0.0034292,-0.00083977,-0.0034005,-0.0046771,0.0024845,0.011189
-0.010537,-0.0051024,-0.00085048,0.0013506,0.00056841,-0.0004481,-5.2224e-05,0.00094079,0.001021,-0.0011182,-0.0047006,-0.0074716,-0.0081067,-0.0067709,-0.0051604,-0.0033022,-0.0091936,0.0055724,0.0049439,0.010353,0.010227,0.0050888,0.021235,0.014859,0.0060171,-0.0076094,-0.0071325,0.0005421,0.0027542,0.0023094,0.0072728,0.012799
-0.010569,-0.0052404,-0.0023715,-0.00049689,-0.00060079,-0.0008233,-0.00029586,0.00046849,0.00044054,-0.0026267,-0.0069781,-0.0096678,-0.0094387,-0.0077911,-0.0067702,-0.0053081,-0.0025226,-0.00014645,0.003022,0.0090796,0.011394,0.0087494,0.03243,0.02578,0.011746,-0.0060222,-0.0039804,0.0037426,0.005363,0.0048674,0.0062392,0.013198
-0.0098515,-0.0059233,-0.0041812,-0.0024345,-0.0021387,-0.0016941,-0.00080985,0.00015132,-1.6071e-05,-0.0045053,-0.0097156,-0.012081,-0.01146,-0.0093675,-0.0080536,-0.0064654,-0.003022,-0.0037497,0.0080997,0.0052529,0.011296,0.011774,0.0065683,0.0016335,0.0027461,-0.0021562,0.0041681,0.009249,0.0037487,0.0047378,0.0085706,0.01256
-0.0080443,-0.0063325,-0.0051443,-0.0038589,-0.0037245,-0.0026134,-0.00044195,0.0011923,-0.00051517,-0.0072882,-0.013154,-0.014561,-0.013355,-0.010731,-0.0085909,-0.0064994,-0.0023925,-0.0025235,0.0026322,0.015407,0.0093834,0.013861,0.0070979,-0.00067335,-0.0033758,0.00065138,0.015032,0.015846,0.0062694,0.0037732,0.0063219,0.011882
-0.0067293,-0.0059156,-0.0046492,-0.0045006,-0.0051408,-0.0034824,3.1549e-05,0.0023438,-0.0010643,-0.010046,-0.016594,-0.016768,-0.014441,-0.011464,-0.0089176,-0.0066483,-0.0021973,-0.00018303,0.00044097,0.0064616,0.0060803,0.011465,0.0057595,-0.00012657,-0.0023303,0.0074151,0.025745,0.022456,0.011731,0.0075219,0.0063418,0.013013
-0.0066379,-0.0057273,-0.004196,-0.0042933,-0.004931,-0.0031965,0.00044707,0.0027645,-0.0013611,-0.011023,-0.01807,-0.018253,-0.015144,-0.011882,-0.0092173,-0.0068723,-0.0027089,0.00071491,0.0030208,0.003923,0.027987,0.0089313,0.025321,0.011944,0.012427,0.020398,0.031333,0.024317,0.015989,0.010283,0.010242,0.01495
-0.0076725,-0.0062972,-0.004225,-0.0033442,-0.0029588,-0.0011892,0.0015404,0.0028031,-0.0018227,-0.011037,-0.018296,-0.019203,-0.015909,-0.012245,-0.0093193,-0.0063728,-0.0026967,0.0021185,0.01111,0.006513,0.002947,0.0073183,0.0060562,0.0047746,0.030425,0.035296,0.034914,0.018898,0.01503,0.010679,0.010733,0.026926
-0.0090955,-0.0069149,-0.0040138,-0.0020657,-0.00040498,0.0016412,0.003326,0.0026081,-0.0031318,-0.011686,-0.017802,-0.018812,-0.016018,-0.012293,-0.0094071,-0.0061929,-0.0025609,0.0030883,0.0035665,0.013092,0.0018979,0.0032555,0.0034752,0.0044378,0.0074522,0.0071919,0.034058,0.028167,0.018872,0.014396,0.011052,0.026099
-0.010056,-0.0065582,-0.0030603,-0.00065008,0.0016011,0.0036032,0.0046611,0.0024481,-0.0042029,-0.011839,-0.015747,-0.016351,-0.015093,-0.012158,-0.0098635,-0.0072364,-0.0031686,0.0027097,0.0064317,0.0035986,0.0064771,0.0015938,0.0024555,0.0035684,0.0057286,0.0070133,0.034366,0.031675,0.022464,0.013734,0.0089807,0.020627
-0.010359,-0.0061154,-0.002018,0.00099805,0.003091,0.0042844,0.0046635,0.0021957,-0.0038708,-0.010143,-0.012619,-0.013618,-0.014156,-0.012307,-0.010324,-0.0080812,-0.0042058,0.0011136,0.0072095,0.0069489,0.0039457,0.0026955,0.0031008,0.0044356,0.0059607,0.0074534,0.007739,0.0063715,0.024147,0.015642,0.012916,0.014384
-0.0096072,-0.0054934,-0.0011958,0.0022785,0.003954,0.0041473,0.0037668,0.0017873,-0.0024669,-0.0069844,-0.0091032,-0.010676,-0.012844,-0.012558,-0.01067,-0.007981,-0.0044582,-0.00025056,0.0050281,0.0076253,0.007044,0.0059444,0.0050183,0.0049071,0.0060414,0.0074873,0.0072432,0.0056807,0.0036579,0.0192,0.014475,0.030151
-0.0077065,-0.004033,-0.00039326,0.0025235,0.0035477,0.0031676,0.0023723,0.0010114,-0.0011114,-0.0034486,-0.0049843,-0.0070236,-0.010595,-0.012237,-0.011404,-0.0082104,-0.0043529,-0.00082992,0.0027269,0.0056899,0.0076252,0.008422,0.0065542,0.0052275,0.0054471,0.0059631,0.005176,0.0044396,0.0042279,0.003488,0.00441,0.0064546
-0.0060025,-0.0026284,0.0001907,0.0019344,0.0022786,0.0021476,0.0016442,0.0005543,-0.0004216,-0.00065154,-0.0010487,-0.0036592,-0.0087553,-0.011857,-0.011994,-0.0085984,-0.0041216,-0.00068836,0.0020446,0.0042291,0.0066399,0.0086435,0.0071045,0.0054637,0.0051161,0.0045932,0.0039829,0.0042317,0.0042988,0.0031218,0.0033312,0.0052622
-0.0052675,-0.0022915,8.346e-05,0.0013361,0.0015844,0.0019674,0.0018836,0.00073733,-0.00028195,0.00059669,0.0012588,-0.0016815,-0.007896,-0.011677,-0.011601,-0.0079437,-0.0033015,-2.9647e-05,0.0024472,0.0041838,0.0059807,0.0077648,0.0065853,0.0049915,0.0043377,0.0042119,0.0044305,0.0047882,0.0037546,0.0021663,0.0021389,0.003684
-0.0048886,-0.0027464,-0.00042914,0.0012534,0.0017859,0.0019916,0.0019378,0.00081776,-0.00086166,-0.00040565,0.00094625,-0.0011202,-0.0072379,-0.011122,-0.010358,-0.0064794,-0.0021699,0.00089485,0.0032211,0.004569,0.0055291,0.0060006,0.0048013,0.0033788,0.0027095,0.0035864,0.0051479,0.0052168,0.0031324,0.0016078,0.0019286,0.0035018
-0.0046913,-0.0032341,-0.0010442,0.0010679,0.0020844,0.0018756,0.0012165,-0.00016531,-0.0027138,-0.0030314,-0.0011599,-0.0016565,-0.0065744,-0.0099312,-0.0090136,-0.0052838,-0.0012455,0.001909,0.0043709,0.0051848,0.0052889,0.0046492,0.0032871,0.0020838,0.0012354,0.0025012,0.0043346,0.0046034,0.002372,0.0012852,0.0022866,0.0040164
-0.0054888,-0.0036227,-0.001179,0.0011992,0.0026488,0.0020664,-6.7151e-05,-0.0023245,-0.0049524,-0.005441,-0.0030199,-0.0024594,-0.0059385,-0.008487,-0.0076918,-0.0045184,-0.00087826,0.0025242,0.0053971,0.0060628,0.0050955,0.0037022,0.0023029,0.0013565,0.00042606,0.00096862,0.0023067,0.003045,0.0014947,0.00056011,0.0018269,0.0035467
-0.0070001,-0.0038772,-0.00057359,0.0020251,0.0036539,0.0022693,-0.0019857,-0.0053406,-0.0069754,-0.0065045,-0.00367,-0.0027916,-0.0050457,-0.0068156,-0.0061656,-0.0038599,-0.00087503,0.0025134,0.0056027,0.0062824,0.0046236,0.0026556,0.0012788,0.00043365,-0.00020336,-0.00024889,0.00067397,0.0013378,0.00030917,-0.00081873,0.00045575,0.0019918
-0.0084454,-0.0044263,-0.00018783,0.0025599,0.0039059,0.001566,-0.0041485,-0.0080531,-0.008811,-0.0074873,-0.0042105,-0.0030539,-0.0046034,-0.0056013,-0.0046763,-0.0029478,-0.00091983,0.001872,0.0049887,0.0060702,0.0043158,0.0019919,0.00051254,-0.00028964,-0.00025015,-0.00043908,-0.00011357,-0.00024846,-0.0014748,-0.0023417,-0.00067539,0.00083121
-0.010161,-0.005508,-0.0007529,0.001809,0.0024776,-0.00032551,-0.0059551,-0.0095291,-0.0099653,-0.0089844,-0.0056407,-0.0038292,-0.0049349,-0.0051035,-0.0031792,-0.001497,-0.00046709,0.001517,0.0045611,0.0062063,0.0047154,0.0018546,-0.00010334,-0.00085381,-0.00026424,6.6458e-05,-0.00056926,-0.0014162,-0.0028716,-0.0035952,-0.0017001,2.3832e-07
-0.012034,-0.0065666,-0.0019074,0.00021997,0.0001452,-0.0029705,-0.0080077,-0.010545,-0.010589,-0.010002,-0.0071643,-0.0050714,-0.0055657,-0.004781,-0.0019481,-0.00013965,0.00038175,0.0020094,0.0047157,0.0064234,0.0046973,0.0006163,-0.0021023,-0.0025825,-0.0014148,-0.00015461,-0.00084492,-0.0019394,-0.0030728,-0.0036753,-0.0025679,-0.0013678
-0.013636,-0.0076203,-0.0034719,-0.0016483,-0.002044,-0.005331,-0.010098,-0.011892,-0.011471,-0.010688,-0.0081422,-0.0063513,-0.0060477,-0.0045002,-0.0016749,-0.00017431,0.00052773,0.0024941,0.0052938,0.0069185,0.0045343,-0.0016663,-0.0056315,-0.0052152,-0.0030375,-0.0011877,-0.000972,-0.0013884,-0.0017211,-0.0024968,-0.0032989,-0.0031764
-0.014815,-0.009002,-0.0055508,-0.0037893,-0.0040665,-0.0070346,-0.011303,-0.013015,-0.012853,-0.011713,-0.0090786,-0.0073933,-0.0064512,-0.004658,-0.0026595,-0.0016936,-0.00041579,0.0025148,0.0062164,0.0081876,0.0050768,-0.0035285,-0.0094044,-0.0080371,-0.0045192,-0.0022365,-0.0011351,-0.00030402,0.00050826,-0.00084787,-0.0033534,-0.0044827
-0.016557,-0.011078,-0.0078351,-0.0057582,-0.005963,-0.0084301,-0.01197,-0.013763,-0.014171,-0.013185,-0.01049,-0.0084793,-0.0069736,-0.0054383,-0.0043417,-0.0034395,-0.0013416,0.0025903,0.0072119,0.0095184,0.0057787,-0.004463,-0.011851,-0.010218,-0.0058755,-0.0029107,-0.00070962,0.001407,0.0031059,0.0011568,-0.0025805,-0.0049375
-0.018613,-0.013192,-0.0097189,-0.0073189,-0.0075806,-0.00971,-0.012624,-0.014591,-0.015559,-0.014725,-0.012022,-0.0095466,-0.0077025,-0.0064597,-0.0055684,-0.0043582,-0.0015911,0.0029081,0.0078143,0.0098981,0.0057046,-0.0044865,-0.011777,-0.011012,-0.0071425,-0.0032199,0.00038958,0.0037259,0.0054974,0.0033378,-0.0010465,-0.004311
-0.019619,-0.014781,-0.011774,-0.0095662,-0.0092951,-0.01045,-0.013126,-0.015667,-0.017047,-0.015762,-0.012841,-0.010192,-0.0085808,-0.0074105,-0.0061259,-0.0044905,-0.0015327,0.0031883,0.00801,0.0095446,0.0052322,-0.0035453,-0.0095612,-0.010108,-0.0070842,-0.0023737,0.0019396,0.0054504,0.0068445,0.0051071,0.001043,-0.0030073
-0.020094,-0.016564,-0.014808,-0.012766,-0.01117,-0.01088,-0.01349,-0.016711,-0.017935,-0.015872,-0.012723,-0.010343,-0.0092271,-0.0081579,-0.0063849,-0.0041997,-0.0010317,0.0035567,0.0077983,0.0087227,0.0048522,-0.0018137,-0.0064003,-0.0078168,-0.0054698,-0.00084633,0.0027609,0.0054405,0.0068715,0.0059386,0.0025973,-0.0018097
-0.021288,-0.018706,-0.017171,-0.014776,-0.012177,-0.011278,-0.014028,-0.017416,-0.018271,-0.015919,-0.012288,-0.0098407,-0.0091256,-0.0084216,-0.0065639,-0.0038022,-0.00018963,0.0040307,0.0070251,0.0074213,0.0045529,-9.4536e-06,-0.0031325,-0.0048697,-0.0035308,6.7381e-06,0.0027801,0.0044663,0.0062816,0.0062064,0.0032218,-0.00071486
-0.022999,-0.02024,-0.017871,-0.01499,-0.012281,-0.011694,-0.014498,-0.017565,-0.018358,-0.01627,-0.012177,-0.0091098,-0.0085709,-0.008458,-0.0069309,-0.0039391,0.00012782,0.0040905,0.005942,0.006123,0.0046789,0.0019804,-0.00031051,-0.0022412,-0.0021849,0.00027658,0.0025829,0.004079,0.0060613,0.0064651,0.0036843,0.0001881
-0.024208,-0.021028,-0.018385,-0.015492,-0.013016,-0.012561,-0.014803,-0.017527,-0.018309,-0.016144,-0.011803,-0.0087337,-0.0082892,-0.008582,-0.0074821,-0.0045822,-0.00050666,0.0034593,0.0050695,0.0057316,0.0056567,0.0041406,0.0019699,-0.0001609,-0.0013942,1.5554e-06,0.002275,0.004448,0.0064775,0.0069028,0.0042854,0.00076789
-0.024939,-0.022162,-0.01956,-0.0166,-0.01436,-0.013599,-0.014912,-0.017428,-0.018264,-0.015325,-0.011055,-0.008758,-0.0083746,-0.0085171,-0.0076278,-0.0048553,-0.0010498,0.0025037,0.0047493,0.0063771,0.0072246,0.0062107,0.003721,0.0010813,-0.0012509,-0.00046431,0.0023911,0.0052284,0.0074607,0.0075718,0.0050377,0.0013292
-0.026111,-0.02355,-0.02065,-0.017571,-0.015636,-0.014512,-0.014685,-0.017012,-0.018082,-0.014637,-0.010696,-0.0089771,-0.0085822,-0.0083781,-0.0073678,-0.0042354,-0.00063928,0.002476,0.0051527,0.0072966,0.0084226,0.007766,0.0049112,0.0014069,-0.0015286,-0.00095084,0.0030549,0.0065458,0.0086591,0.0084197,0.0052763,0.001144
-0.027436,-0.024464,-0.021049,-0.01847,-0.017314,-0.015512,-0.014311,-0.016212,-0.017408,-0.014292,-0.011146,-0.0099189,-0.0091248,-0.0084503,-0.0067952,-0.0028738,0.001112,0.0036846,0.0057622,0.0078967,0.0089752,0.0084689,0.0056403,0.0011754,-0.0020207,-0.0012656,0.0038697,0.0077495,0.0094999,0.0090348,0.0049005,0.00027145
-0.028249,-0.025283,-0.021955,-0.020553,-0.019965,-0.01662,-0.013839,-0.015307,-0.01656,-0.014069,-0.011824,-0.010769,-0.0094975,-0.0084194,-0.0059423,-0.0013054,0.0026892,0.0047093,0.0062897,0.0084827,0.0097007,0.0088784,0.0060066,0.00083541,-0.0025394,-0.0013153,0.0043696,0.0085129,0.0097252,0.0086836,0.0042468,-0.00048354
-0.028451,-0.026259,-0.023399,-0.02322,-0.022034,-0.016539,-0.012992,-0.015166,-0.016674,-0.014145,-0.011798,-0.01042,-0.0089461,-0.0079176,-0.0048543,-1.0881e-05,0.0036004,0.0055969,0.0072407,0.0098956,0.011386,0.0097754,0.0063793,0.0008393,-0.0027893,-0.0010618,0.0046831,0.0087962,0.0094957,0.0081318,0.0038317,-0.00080796
-0.028116,-0.026435,-0.024613,-0.026126,-0.02254,-0.01465,-0.012302,-0.015951,-0.017186,-0.013699,-0.010683,-0.0087908,-0.0075442,-0.0067472,-0.0035646,0.0012403,0.0048317,0.007057,0.0090204,0.01194,0.013747,0.011554,0.0072182,0.0012013,-0.0029277,-0.0010273,0.0044504,0.0082005,0.0088735,0.0078688,0.0037789,-0.0010398
-0.027132,-0.026072,-0.026702,-0.029868,-0.0229,-0.013165,-0.012392,-0.017126,-0.017439,-0.012695,-0.0095291,-0.0075316,-0.0059102,-0.0049278,-0.0018947,0.002778,0.0062869,0.0084962,0.010938,0.013889,0.015836,0.013613,0.0083997,0.0019802,-0.0025261,-0.001081,0.0035077,0.0067168,0.0078006,0.0071626,0.0035124,-0.0013249
-0.025758,-0.025585,-0.028735,-0.032274,-0.02315,-0.013666,-0.013929,-0.018776,-0.017807,-0.011566,-0.0082956,-0.0062915,-0.003979,-0.0025609,2.8419e-06,0.0041893,0.0073892,0.0095518,0.012624,0.015725,0.017524,0.015374,0.0095414,0.0029185,-0.0013647,-0.00082103,0.0021945,0.0044538,0.0059294,0.0061259,0.0029709,-0.0015296
-0.024299,-0.024982,-0.028497,-0.030284,-0.021864,-0.015053,-0.015988,-0.019838,-0.017611,-0.010376,-0.0063806,-0.0040919,-0.0016807,-0.00058361,0.0016284,0.0058995,0.0088968,0.010931,0.014342,0.017647,0.019307,0.017187,0.01058,0.0039033,0.0002969,-0.00025371,0.00051275,0.0015028,0.0035419,0.0048444,0.0024143,-0.0016807
-0.02344,-0.024563,-0.026863,-0.026544,-0.02024,-0.016351,-0.017163,-0.01904,-0.015715,-0.0084815,-0.0042968,-0.0019398,0.00030439,0.0012341,0.0037375,0.0087714,0.011938,0.013378,0.016191,0.01899,0.020555,0.01863,0.011695,0.0050576,0.0021418,0.00054891,-0.0010588,-0.001372,0.0012771,0.0033013,0.0016798,-0.0021592
-0.022166,-0.023622,-0.025047,-0.024382,-0.020383,-0.017978,-0.017688,-0.017223,-0.012891,-0.0065533,-0.0029131,-0.00081109,0.0017199,0.003543,0.0068176,0.012092,0.015141,0.016603,0.018939,0.020792,0.021684,0.019631,0.012679,0.0066172,0.0041703,0.0016907,-0.0017565,-0.0032931,-0.00050232,0.0016066,0.00015242,-0.0029032
-0.019635,-0.021172,-0.022586,-0.023137,-0.021377,-0.01957,-0.018256,-0.016035,-0.010747,-0.005036,-0.0018325,0.00015489,0.0034264,0.0062257,0.0095429,0.014109,0.017398,0.020105,0.022595,0.023438,0.023137,0.020123,0.013379,0.0081187,0.0059279,0.002979,-0.0017253,-0.0046192,-0.0021982,-0.00014582,-0.001864,-0.0040426
-0.016157,-0.017995,-0.01961,-0.02104,-0.020743,-0.019894,-0.018761,-0.01543,-0.0095711,-0.0038471,-7.586e-05,0.0021919,0.0050175,0.0076368,0.010614,0.015209,0.019782,0.023364,0.024786,0.02466,0.023905,0.020371,0.013799,0.0087738,0.0064399,0.0034982,-0.0014304,-0.005558,-0.0041802,-0.002205,-0.0037917,-0.0053855
-0.012586,-0.014819,-0.016647,-0.018035,-0.018359,-0.018519,-0.018061,-0.014666,-0.0088721,-0.0028524,0.0020505,0.004406,0.0059669,0.0081283,0.011631,0.017291,0.022714,0.02512,0.024342,0.023787,0.023915,0.020795,0.014259,0.0086529,0.0054546,0.0026593,-0.0012697,-0.0056858,-0.0060875,-0.004597,-0.0054281,-0.0064401
-0.0086158,-0.010965,-0.013193,-0.014725,-0.01554,-0.016213,-0.015953,-0.012994,-0.0078534,-0.0019466,0.0035098,0.0058811,0.0069629,0.0094577,0.013388,0.019107,0.02364,0.024708,0.023828,0.024232,0.024566,0.020939,0.01407,0.0079563,0.0040258,0.00137,-0.0011333,-0.0051349,-0.0073179,-0.0068658,-0.006658,-0.0070238
-0.0045882,-0.0063762,-0.0087921,-0.011215,-0.012853,-0.013662,-0.013528,-0.011383,-0.0068003,-0.0011115,0.00415,0.0067732,0.008261,0.010813,0.014516,0.019288,0.02247,0.024408,0.026017,0.027286,0.0258,0.020232,0.013021,0.0071517,0.0032528,0.00057957,-0.0015721,-0.0045898,-0.0072034,-0.0078961,-0.0074952,-0.0075609
-0.0013595,-0.0024947,-0.0044851,-0.0078205,-0.010144,-0.01102,-0.011559,-0.010318,-0.0056909,1.9649e-05,0.0050583,0.0078637,0.008928,0.010973,0.01489,0.020199,0.02392,0.027356,0.030365,0.030076,0.026059,0.019568,0.012171,0.006576,0.0025457,-0.00050781,-0.0025522,-0.0038596,-0.0056256,-0.0076866,-0.008469,-0.00881
0.0010649,0.00011103,-0.0017535,-0.0053555,-0.0076012,-0.0082915,-0.0092745,-0.008481,-0.0039893,0.001317,0.0056403,0.0080592,0.0090936,0.011219,0.016236,0.022997,0.027568,0.031057,0.033179,0.030758,0.025661,0.019348,0.01172,0.0060047,0.0018179,-0.0014999,-0.0028593,-0.002728,-0.0040799,-0.0073854,-0.009827,-0.010515
0.0031627,0.0016961,-0.00033329,-0.0035936,-0.0054765,-0.0059301,-0.0065727,-0.0058434,-0.0021166,0.002038,0.0052139,0.0073432,0.0090066,0.011913,0.017516,0.023567,0.027905,0.0316,0.033459,0.030294,0.024854,0.018151,0.010925,0.0058407,0.0018742,-0.0014843,-0.0023788,-0.0017873,-0.0034162,-0.0073794,-0.010705,-0.011381
0.0046398,0.0027842,0.00079619,-0.0018388,-0.0036736,-0.0042998,-0.0049676,-0.0043954,-0.001157,0.0026477,0.0052121,0.0069203,0.008861,0.012185,0.018139,0.023339,0.026798,0.030711,0.03265,0.029444,0.023483,0.016538,0.010431,0.0063707,0.0026594,-0.00079985,-0.0018454,-0.0017634,-0.0036085,-0.0074146,-0.010628,-0.010782
0.0053552,0.0033135,0.0017332,-0.00028736,-0.0021596,-0.0028518,-0.0037318,-0.0038667,-0.00093699,0.0034027,0.0063613,0.0075308,0.0086952,0.011833,0.01844,0.02454,0.027463,0.030095,0.030953,0.027743,0.022428,0.016579,0.011494,0.0075832,0.0034713,-0.00027026,-0.0018307,-0.0026281,-0.0046708,-0.007598,-0.0099995,-0.0092672
0.0054448,0.0031477,0.0018499,0.00057203,-0.0011288,-0.0013601,-0.0017181,-0.0023285,-4.0401e-06,0.0043475,0.007371,0.0082097,0.0088519,0.011591,0.017903,0.02438,0.027154,0.028458,0.028351,0.025425,0.021784,0.01763,0.013128,0.0084563,0.0037526,0.00020054,-0.0018138,-0.0035087,-0.0060624,-0.0082082,-0.0092943,-0.0076476
0.0058358,0.0029243,0.0015308,0.00078751,-0.00042699,-0.0004001,-4.4842e-05,-0.00017082,0.0019888,0.0053955,0.0073518,0.0080865,0.0093832,0.012061,0.017255,0.022987,0.025766,0.026885,0.026251,0.023895,0.021114,0.017744,0.01348,0.0087455,0.0041691,0.00092281,-0.0018646,-0.0046616,-0.0073359,-0.0086945,-0.0082782,-0.0063411
0.0065704,0.0031807,0.0013769,0.00079785,-8.8918e-05,-0.00027537,9.0076e-05,0.00066189,0.0031864,0.0065129,0.0076576,0.0077748,0.009277,0.012344,0.017146,0.022579,0.025595,0.026336,0.025212,0.023396,0.021249,0.017841,0.013886,0.0096731,0.0050968,0.0013428,-0.0023896,-0.0059138,-0.0081098,-0.00833,-0.0070316,-0.0052643
0.0070335,0.0037899,0.0017017,0.00091812,0.00022927,4.7714e-05,0.00044355,0.0012215,0.0038122,0.0073485,0.0087901,0.0078693,0.0082294,0.011699,0.01713,0.022768,0.025607,0.025167,0.023179,0.022411,0.021705,0.018796,0.014919,0.010815,0.0059379,0.0013868,-0.0027234,-0.0064314,-0.0082744,-0.0074985,-0.0060269,-0.0044425
0.0068512,0.0044437,0.0023471,0.0012357,0.00057758,0.00030897,0.0011778,0.0024873,0.00459,0.0074387,0.0091607,0.0078986,0.0076452,0.011205,0.01658,0.021958,0.024354,0.023099,0.020807,0.020844,0.021208,0.018969,0.015185,0.011103,0.0061686,0.0015744,-0.002485,-0.0059552,-0.0078219,-0.0065116,-0.004898,-0.0035634
0.0068604,0.004661,0.0027534,0.0015278,0.00050202,-0.00029586,0.00065549,0.0031129,0.0057718,0.0077804,0.0088094,0.0076075,0.0077744,0.011473,0.016402,0.020706,0.023175,0.022205,0.020205,0.020304,0.020675,0.018918,0.015572,0.011478,0.00676,0.0022683,-0.0017571,-0.0048661,-0.0066706,-0.0052414,-0.0033695,-0.0023968
0.006947,0.00472,0.0027123,0.0013817,0.00031309,-0.00079026,-0.00055143,0.0024239,0.0066116,0.0091845,0.0091284,0.0072212,0.0071202,0.010893,0.015675,0.019327,0.02158,0.021096,0.019933,0.020447,0.021023,0.019836,0.016648,0.012336,0.0075098,0.0028165,-0.0010447,-0.0033883,-0.004634,-0.0035875,-0.0018884,-0.0012734
0.0064456,0.0048034,0.0024178,0.00058593,-0.00023961,-0.00040182,-0.0001176,0.0021267,0.0065672,0.010061,0.0098618,0.0071485,0.0061018,0.009268,0.014038,0.017581,0.019322,0.01866,0.018693,0.020354,0.021366,0.020289,0.016793,0.012011,0.0070635,0.0028322,2.6168e-05,-0.001285,-0.0020938,-0.001768,-0.00087661,-0.00058629
0.0051756,0.0050074,0.0025082,-0.0002143,-0.0012862,-0.00058059,0.00088705,0.0029911,0.0062638,0.0093496,0.0094838,0.0073419,0.0062732,0.0084187,0.012502,0.016013,0.017515,0.017038,0.01817,0.020334,0.021171,0.019926,0.016471,0.011449,0.006736,0.0035126,0.0019772,0.0012674,0.00025296,-0.00012801,3.9437e-05,0.00010462
0.013048,0.0037104,0.0028551,-0.00022106,-0.0018679,-0.0016192,0.00054618,0.0035396,0.0067547,0.0088268,0.0083779,0.0071183,0.0066305,0.0079818,0.010598,0.013854,0.015945,0.016168,0.017677,0.019789,0.020579,0.020068,0.017354,0.012534,0.0080708,0.0052193,0.0040287,0.0032764,0.0020462,0.0014246,0.0014121,0.00093606
0.011538,0.0072999,0.0026889,0.00058142,-0.0011068,-0.0015726,-1.8796e-05,0.0033772,0.0072972,0.0093505,0.0081694,0.0063709,0.0059049,0.0068987,0.0086637,0.011634,0.013916,0.01455,0.016042,0.018468,0.020305,0.020597,0.018169,0.013703,0.0095532,0.0067614,0.0053023,0.0045398,0.0036596,0.0032843,0.0031416,0.0015319
0.015947,0.010138,6.4036e-05,-0.00076641,-0.00083038,-0.00090167,0.00037838,0.003022,0.0064104,0.008851,0.0082463,0.0059801,0.0052353,0.0064255,0.0080645,0.010868,0.012746,0.01326,0.014847,0.017988,0.020728,0.020507,0.0177,0.013981,0.010887,0.0082987,0.0064293,0.0056591,0.00514,0.0050218,0.0043914,0.0016954
0.039307,0.021372,0.0037189,-0.0027312,-0.002866,-0.0015548,0.00037711,0.0026398,0.0047446,0.0068788,0.0074932,0.0058218,0.005173,0.0063882,0.0075789,0.0096927,0.011564,0.012642,0.014444,0.017881,0.02041,0.019562,0.016855,0.014831,0.013138,0.010509,0.0080224,0.0067481,0.0061748,0.0059867,0.0047976,0.0018252
0.033406,0.038327,0.026016,0.0029989,-0.0027301,-0.0028949,-0.00094357,0.0017394,0.0038406,0.0055035,0.0064037,0.0052067,0.0045625,0.0055265,0.0062246,0.0077052,0.0099369,0.011652,0.013437,0.016616,0.01869,0.017606,0.01573,0.015423,0.014666,0.012007,0.0092956,0.0079677,0.0073204,0.0066104,0.0052426,0.002462
0.027745,0.036122,0.040729,0.035936,0.016094,-0.0029445,-0.001169,0.00060616,0.0030309,0.0049846,0.0057182,0.0045451,0.0038697,0.0048219,0.0056741,0.0068068,0.0086486,0.010516,0.012761,0.016081,0.017604,0.01584,0.014058,0.01399,0.0135,0.01143,0.009828,0.0094529,0.0088837,0.0074132,0.0057589,0.0029721
0.0094081,0.022284,0.032848,0.031972,0.031284,0.0174,0.0011066,0.00067224,0.0023568,0.0045874,0.0054641,0.0044652,0.0038318,0.004586,0.0056247,0.0066366,0.0078527,0.0097097,0.012675,0.016011,0.01666,0.01449,0.012435,0.011771,0.011483,0.010713,0.010521,0.010609,0.0097298,0.0077557,0.0058021,0.002938
-0.0044973,-0.00040602,0.01354,0.022823,0.021771,0.015165,0.012052,0.002239,0.002603,0.0047319,0.0053689,0.0040772,0.0032837,0.0035964,0.0046825,0.0059044,0.0068053,0.0084688,0.011336,0.013534,0.013408,0.011963,0.010856,0.010447,0.010876,0.01158,0.011666,0.010943,0.0094939,0.0075952,0.005516,0.0027904
-0.008724,-0.013005,-0.0070229,0.0021327,0.0099787,0.010138,0.012855,0.0028909,0.0035066,0.0050394,0.0045333,0.0027638,0.0021426,0.002615,0.0039809,0.0054443,0.0060522,0.0071214,0.0093942,0.010781,0.010425,0.010045,0.0093479,0.0086873,0.0097796,0.011626,0.011978,0.010826,0.0090241,0.0070581,0.0048535,0.0023236
-0.011522,-0.014331,-0.011985,-0.0010188,0.001902,0.010998,0.0076357,0.013356,0.003781,0.0046943,0.0026998,0.00086868,0.0012889,0.0024709,0.0040114,0.0054128,0.0057315,0.0061655,0.0081278,0.010061,0.01002,0.0094491,0.0081345,0.0066432,0.0075054,0.0096615,0.010635,0.010753,0.0091018,0.0066719,0.0040501,0.0014349
-0.01047,-0.0032222,-0.0021717,9.256e-06,0.0025003,0.0029502,0.0087398,0.015881,0.0032964,0.0027496,-4.2244e-05,-0.0011375,0.00039769,0.0019917,0.0031834,0.0043298,0.0047302,0.0046435,0.0060374,0.0082447,0.0084588,0.0074256,0.0061377,0.005623,0.0066208,0.0082734,0.0095658,0.010759,0.0097821,0.0070372,0.0039808,0.00074877
-0.0036458,-0.0037931,-0.0021772,6.8051e-05,0.0023764,0.0028417,0.018338,0.022215,0.0032195,0.00092579,-0.0024483,-0.0025794,-0.00051348,0.001052,0.0019858,0.0031141,0.0035432,0.0033498,0.0040605,0.0058661,0.0058799,0.0047445,0.0041401,0.0049373,0.0064363,0.00745,0.008633,0.010375,0.010066,0.0075554,0.0045736,0.00063903
-0.0026047,-0.0029697,-0.0025553,-0.0014819,0.00080059,0.0022141,0.023426,0.027087,0.002943,-0.0008249,-0.0036206,-0.0026065,-0.00055944,0.00073723,0.0016174,0.0024712,0.0026766,0.0026201,0.003127,0.0049272,0.0052946,0.0043271,0.0034206,0.0038218,0.0048793,0.0058075,0.0074722,0.0094282,0.0091086,0.0072451,0.0048083,0.00054416
-0.0021741,-0.0021423,-0.0025447,-0.0027881,-0.0015963,0.00040075,0.020798,0.02848,0.0098932,-0.0020602,-0.0039009,-0.002375,-0.00056116,0.00020684,0.00063444,0.00076695,0.00070399,0.00090139,0.0017187,0.0037095,0.0047684,0.0035192,0.0013409,0.00099223,0.0022167,0.0034914,0.0054531,0.0075245,0.0075655,0.0065781,0.0047176,0.00078701
-0.003451,-0.0025141,-0.0027475,-0.0031004,-0.0026856,-0.0071999,0.0025108,0.0047591,0.0049212,-0.002207,-0.0042096,-0.0034848,-0.0017612,-0.0010705,-0.00085087,-0.0012193,-0.0011368,-0.00043074,0.00069493,0.0025642,0.0031158,0.00092737,-0.0016181,-0.0014191,0.00064959,0.0019402,0.003591,0.0057975,0.0067128,0.0065393,0.0049731,0.001322
-0.0045075,-0.0027166,-0.0022994,-0.003123,-0.0028433,-0.0015749,0.0015538,0.0033159,0.0018428,-0.0090178,-0.0041782,-0.0046077,-0.0028725,-0.0016024,-0.0010727,-0.0015134,-0.0013381,-0.00040524,0.0012396,0.0036244,0.0036369,0.00047808,-0.002205,-0.0023865,-0.00055131,0.0002945,0.0012928,0.0036029,0.0056556,0.006309,0.0048797,0.0017006
-0.004004,-0.0018399,-0.0011184,-0.0030393,-0.0039393,-0.0024298,4.5911e-05,0.0015964,-0.0034974,-0.01526,-0.015247,-0.0034155,-0.0022627,-0.0009303,-0.00096126,-0.0024555,-0.0032828,-0.0026211,-0.00061914,0.0026294,0.0043327,0.0020403,-0.0011548,-0.0024057,-0.0025396,-0.0023668,-0.0012884,0.0011863,0.0038481,0.0051405,0.0042938,0.0021776
-0.0079247,-0.0066245,-0.001402,-0.0037019,-0.0053341,-0.0040192,-0.0019854,-0.00040808,-0.0010721,-0.0034573,-0.0033912,-0.0052468,-0.0010453,-0.00055573,-0.0016398,-0.0038592,-0.0056144,-0.0044118,-0.002408,-0.0010997,0.00056084,0.00034774,-0.0018459,-0.0029714,-0.003882,-0.0042134,-0.0040676,-0.0013792,0.0019526,0.0041944,0.0044614,0.0036766
-0.0071092,-0.014769,-0.011598,-0.0060056,-0.0076036,-0.0066426,-0.0045698,-0.0024368,-0.0022781,-0.0038811,-0.0023147,0.00022308,-0.0005881,-0.0012272,-0.0014683,-0.00049262,0.0017287,0.0020326,0.0098065,0.0011043,-0.00019048,-0.0013116,-0.0022884,-0.0039573,-0.0048908,-0.0059379,-0.0059985,-0.0040293,0.00069711,0.0040391,0.0045999,0.0045704
-0.010712,-0.0066891,-0.0069977,-0.009845,-0.011267,-0.010042,-0.0063632,-0.0018463,-0.00030792,-0.0018441,-0.00071191,0.00026248,-0.00036871,-0.0015231,-9.3191e-05,0.028389,0.043505,0.067291,0.065004,0.021849,0.010616,0.001237,-0.0003895,-0.0031989,-0.0070169,-0.0081866,-0.0076914,-0.0056746,-0.0018481,0.0020418,0.0026167,0.0030628
-0.011012,-0.0078011,-0.0084362,-0.011555,-0.013532,-0.012269,-0.0070914,0.00041687,0.0043648,0.00033099,-0.00031636,0.00050471,0.00093714,0.0015164,0.01515,0.037723,0.050272,0.049482,0.04863,0.050469,0.036105,0.012711,0.0018312,-0.00097932,-0.0065152,-0.0094129,-0.0088014,-0.0084836,-0.0049725,-0.00090742,0.0011537,0.0024737
-0.010124,-0.0076406,-0.0079278,-0.010315,-0.013159,-0.013127,-0.0077739,0.0017067,0.008432,0.00073058,-0.012407,-0.0046569,0.00019195,0.0055206,0.012644,0.014408,0.0083307,0.003339,0.0029493,0.012253,0.02516,0.022092,0.0096509,0.00085207,-0.0035574,-0.0088995,-0.0086786,-0.0073314,-0.0043084,0.0013758,0.0047032,0.0045074
-0.01052,-0.0090606,-0.0081018,-0.0085413,-0.011578,-0.013267,-0.0086677,0.0014806,0.010209,0.0003328,-0.020285,-0.010137,0.0017022,0.0081724,0.010285,0.0071368,0.0052138,0.003484,0.0012403,-0.00055673,-0.00032702,0.0065129,0.0096588,0.0044069,-0.004559,-0.0057655,-0.0065782,-0.0041996,-3.1934e-05,0.0038107,0.004061,0.0018092
-0.011776,-0.011009,-0.0084167,-0.0071359,-0.0088487,-0.011409,-0.0085036,0.00040182,0.0098118,0.0018233,-0.021968,-0.0081098,0.0051196,0.007454,0.0080149,0.0086792,0.011115,0.012446,0.0088132,5.635e-05,-0.0061549,-0.0021174,0.015267,0.0089829,0.0026613,-0.00031605,-0.00041089,0.00080379,0.0011541,0.00047164,-0.0024307,-0.028776
-0.012101,-0.011951,-0.0088405,-0.0068717,-0.0064962,-0.0078183,-0.0068163,-0.001175,0.006374,0.0015384,-0.021859,-0.0053631,0.0051984,0.0045608,0.0048216,0.0079981,0.010548,0.009223,0.0063039,0.0027214,-0.0017663,-0.0008813,0.0095511,0.010327,0.0055414,0.0041104,0.0045842,-0.001272,-0.010639,-0.018929,-0.046886,-0.067942
-0.011589,-0.012034,-0.0094892,-0.0077352,-0.0056449,-0.0049192,-0.0053585,-0.0033953,0.0011535,-0.0004658,-0.029173,-0.0083627,0.0016055,0.0014038,0.0018349,0.0073583,0.0073267,0.0031943,0.00063662,0.0022042,0.0027084,0.0015088,-0.001782,-0.008138,-0.0052118,0.0019931,0.0081467,0.0035136,-0.012792,-0.024566,-0.03508,-0.045944
-0.010947,-0.011847,-0.0099926,-0.0085812,-0.0057089,-0.0033429,-0.0048038,-0.0059003,-0.0027672,-0.0022374,-0.0033323,-0.016707,-0.0061602,-0.0028018,7.1846e-05,0.0070078,0.00951,0.007378,0.004214,0.0028721,0.004032,0.0033091,-0.0054743,-0.017813,-0.030807,-0.017619,-0.013651,-0.014228,-0.013238,-0.010362,-0.010423,-0.014052
-0.010138,-0.010988,-0.0095348,-0.0085468,-0.0059892,-0.0030392,-0.0051205,-0.0071801,-0.0034747,-0.0016688,-0.022757,-0.024778,-0.018934,-0.0074334,0.002323,0.0086921,0.0098426,0.0092384,0.0072142,0.0030491,0.0018215,0.0035732,0.00014069,-0.015029,-0.028307,-0.030498,-0.023644,-0.015792,-0.0040368,0.0097847,0.018269,0.017177
-0.0092291,-0.0096267,-0.0086397,-0.0082398,-0.0065105,-0.0039765,-0.0055522,-0.0065607,-0.0023349,-0.00082393,-0.0034379,-0.027028,-0.01441,0.0025155,0.020888,0.019495,0.010302,0.0057984,0.0044397,0.002432,0.00070074,0.0040645,0.0037783,-0.0060689,-0.018736,-0.019021,-0.0091685,-0.00085516,0.0040001,0.012937,0.020101,0.019882
-0.0085839,-0.0083473,-0.0080599,-0.0082312,-0.0073692,-0.0053468,-0.0055535,-0.0049279,-0.0013967,-0.0019725,-0.0048433,-0.0030348,-0.0091504,0.010307,0.031044,0.032221,0.014849,0.0078526,0.0052556,0.004379,0.0027978,0.003431,0.0051383,0.0028594,-0.00089864,0.0015787,0.0048796,0.005691,0.0048462,0.0093692,0.016513,0.01885
