0.029224,0.019835,0.0067125,-0.0022516,-6.578e-05,-0.0090712,-0.026391,-0.033442,-0.056062,-0.011837,-0.012541,-0.0073077,-0.02261,-0.013117,-0.0010325,-0.0031956,-0.0025131,-0.0021828,-0.0057761,-0.0070669,-0.0051398,-0.0027167,-0.0019329,-0.0018288,-0.001411,0.00081393,0.0039701,0.0069206,0.0089212,0.0087101,0.0067735,0.0044024
0.016506,-0.0005878,-0.024816,-0.030382,-0.023908,-0.036791,-0.057431,-0.045996,-0.058968,-0.074128,-0.013508,-0.0090901,-0.0042078,-0.024413,-0.01555,-0.0027165,0.0027292,-0.0041732,-0.0024418,-0.0050109,-0.0048789,-0.0024034,-0.0010974,-0.0013888,-0.0014122,0.00054331,0.0033691,0.0063221,0.0090067,0.009838,0.0086517,0.0064664
-0.023137,-0.037085,-0.085629,-0.090671,-0.06926,-0.088032,-0.099009,-0.085692,-0.063039,-0.051818,-0.034192,-0.0095807,-0.008614,-0.0072873,-0.0054019,-0.0020791,0.000474,0.0034216,-0.0062726,-0.0026519,-0.0036469,-0.0016016,-4.9374e-05,-0.00030461,-0.00034755,0.0011674,0.0035524,0.006392,0.0091457,0.010393,0.0098887,0.0082564
-0.05279,-0.10283,-0.15783,-0.16235,-0.12965,-0.033211,-0.034988,-0.11393,-0.06067,-0.061311,-0.056682,-0.012452,-0.013263,-0.010043,-0.0051676,-0.0019522,0.00053533,0.0017129,0.00056557,-0.0096232,-0.0026931,-0.00072475,0.0010776,0.001052,0.001134,0.0020058,0.0038148,0.006849,0.0097066,0.010952,0.01074,0.0095051
-0.068208,-0.1245,-0.20141,-0.11705,-0.17841,-0.043688,-0.046398,-0.029521,-0.062123,-0.09999,-0.01966,-0.019835,-0.014074,-0.0055328,-0.00053967,0.00036728,0.0010849,0.0022076,0.0010933,-0.0013559,-0.0024117,-0.00041463,0.0017739,0.0022514,0.0023194,0.0026589,0.0039753,0.0068761,0.010205,0.011925,0.011546,0.0098388
-0.059827,-0.13927,-0.11175,-0.15133,-0.11753,-0.038014,-0.044842,-0.036722,-0.030164,-0.03102,-0.028854,-0.01983,-0.0079817,-0.00021332,0.0014516,0.0054559,0.003572,0.0016374,0.001442,-0.00073585,-0.0015307,-0.00026791,0.0020284,0.0027745,0.0029228,0.003316,0.0042548,0.0058118,0.0083278,0.01076,0.010471,0.0078651
-0.045573,-0.07566,-0.089017,-0.13383,-0.08284,-0.033857,-0.039696,-0.036691,-0.033823,-0.030593,-0.021561,-0.0099133,-0.00065885,0.0026225,0.011346,0.0018831,-0.0011369,0.0020196,0.0013025,0.00062174,-0.00020427,0.00072334,0.002345,0.0024733,0.0025113,0.0030987,0.0039249,0.0039828,0.0042132,0.0063703,0.0063995,0.0032978
-0.044447,-0.059626,-0.092815,-0.07572,-0.030104,-0.036892,-0.037315,-0.032086,-0.026324,-0.018865,-0.010254,-0.0024553,0.0024384,0.0028714,0.008465,-0.0021081,-0.0051548,-0.0033857,0.00033036,0.00069851,0.00081773,0.0018754,0.002565,0.0015982,0.00089391,0.0011895,0.0017229,0.0012692,-0.0066608,-0.0050613,-0.0050166,-0.0012331
-0.028438,-0.041185,-0.06419,-0.1044,-0.034912,-0.035151,-0.031043,-0.024136,-0.015878,-0.0083802,-0.0030789,0.0009675,0.0024077,0.011524,0.001923,-0.003944,-0.0055335,-0.0058037,-0.0017075,-0.0015343,-0.00016045,0.0015608,0.0017851,0.00036155,-0.00068772,-0.00041656,0.00028686,-0.0057412,-0.0077023,-0.007877,-0.01058,-0.013835
-0.031953,-0.066377,-0.085294,-0.030217,-0.030185,-0.025827,-0.022146,-0.01603,-0.0076454,-0.0023179,0.000115,0.0021285,0.0020603,0.004972,4.3013e-05,-0.0024152,-8.4215e-05,-0.0010215,-0.0035716,-0.0044518,-0.0026529,-0.00043281,0.00019965,-0.00069501,-0.00096824,7.3433e-05,0.0012611,0.001807,0.0018673,-0.00047593,-0.0020804,-0.0045295
-0.052426,-0.10013,-0.030609,-0.034041,-0.027276,-0.022918,-0.020512,-0.01342,-0.0048363,-0.0012438,7.7717e-05,0.0017986,0.0020541,0.001058,0.00075596,0.0013361,0.0010892,-0.0051787,-0.0031588,-0.0051686,-0.004718,-0.0027736,-0.0014062,-0.0013517,-0.00082304,0.001457,0.0083217,0.012624,0.015425,0.011315,0.0077283,0.005354
-0.027105,-0.038684,-0.044209,-0.038591,-0.030575,-0.028246,-0.024997,-0.015548,-0.0067918,-0.0035184,-0.00205,-3.4957e-05,0.0015757,0.0019535,0.0025166,0.0032617,0.0027784,0.0061571,-0.0014928,-0.004173,-0.0054252,-0.0043118,-0.0023263,-0.0017319,-0.0004233,0.0019023,0.010984,0.020415,0.024512,0.024293,0.01717,0.010225
-0.040642,-0.049162,-0.046693,-0.037789,-0.032912,-0.032268,-0.026823,-0.016706,-0.0090258,-0.0054262,-0.0029376,-0.00066385,0.0010305,0.0025522,0.0046248,0.005242,0.004299,0.0021062,-0.00045514,-0.0037802,-0.0058731,-0.005101,-0.0025779,-0.0012756,-0.00027635,0.0038919,0.0088978,0.015812,0.022858,0.030716,0.024673,0.012924
-0.039761,-0.042527,-0.03756,-0.031425,-0.030266,-0.029262,-0.023294,-0.014996,-0.0084378,-0.0037378,-0.00043509,0.0081296,0.012108,0.0037812,0.0065679,0.0066821,0.0044178,0.0012129,-0.0018081,-0.0048796,-0.0061252,-0.0051229,-0.002246,-0.00070266,-0.0016671,-0.00011696,0.0051208,0.011304,0.018041,0.026945,0.021545,0.013802
-0.029711,-0.029513,-0.026385,-0.02452,-0.024866,-0.023326,-0.018233,-0.011388,-0.0052699,-0.00010649,0.002991,0.0038277,0.0048324,0.006896,0.0082055,0.007001,0.0034985,-0.00088414,-0.0041172,-0.0054643,-0.0049195,-0.003682,-0.0015044,-0.00065957,-0.0050255,-0.0055371,-0.00017704,0.0055148,0.010192,0.015902,0.010686,0.0089607
-0.01988,-0.019454,-0.018616,-0.018771,-0.019343,-0.01746,-0.012658,-0.0067946,-0.0016427,0.0027445,0.0058443,0.007331,0.0078012,0.0077429,0.007672,0.0064723,0.0033168,-0.0010527,-0.0042793,-0.0046459,-0.0030312,-0.0019731,-0.00091928,-0.00094078,-0.011621,-0.014165,-0.0071759,-0.0036208,0.0010434,0.0056255,0.0056654,0.0062402
-0.014352,-0.014404,-0.01455,-0.015138,-0.015036,-0.01263,-0.0083769,-0.0037372,0.00039735,0.0041015,0.0066127,0.0073002,0.006431,0.0057037,0.0058196,0.004931,0.0026227,-0.00038281,-0.0034585,-0.003931,-0.0018418,-0.00089756,-0.006039,-0.0096519,-0.018537,-0.019127,-0.012733,-0.0072126,-0.0055357,2.6941e-05,0.0037251,0.0035236
-0.013498,-0.01303,-0.013226,-0.013951,-0.012963,-0.010311,-0.0066738,-0.0027295,0.0011288,0.0044752,0.0062083,0.0057867,0.0045203,0.0042593,0.0046143,0.0032864,0.0051591,-0.0069412,-0.0031951,-0.0038446,-0.0015774,-0.00047999,-0.0075809,-0.012272,-0.022078,-0.022163,-0.018822,-0.012789,-0.0073117,-0.0010785,0.0024663,0.003017
-0.014115,-0.012569,-0.012893,-0.013399,-0.012092,-0.0093015,-0.0059205,-0.0023949,0.0010661,0.0039517,0.0050817,0.0044633,0.00376,0.0040587,0.004362,0.0028866,0.000964,-0.00044403,-0.0025056,-0.0036915,-0.0020847,-0.0011013,-0.0093089,-0.01346,-0.021996,-0.028187,-0.024418,-0.016665,-0.0089937,-0.0026575,0.00052141,0.0012001
-0.013676,-0.011901,-0.011944,-0.012012,-0.010396,-0.0076877,-0.0050552,-0.0025937,6.5692e-05,0.0026448,0.0040648,0.004144,0.0041013,0.0045339,0.0046411,0.0032309,0.0012783,-0.0016979,-0.012985,-0.0034162,-0.0032262,-0.0028478,-0.0027598,-0.0017006,-0.016169,-0.025883,-0.021302,-0.018119,-0.0088195,-0.0067404,-0.0039623,-0.0032358
-0.012025,-0.011032,-0.010407,-0.0098806,-0.0080099,-0.0057875,-0.0040616,-0.0025973,-0.00055404,0.0022205,0.0043444,0.005059,0.0052763,0.0055133,0.00528,0.0041431,0.0020679,0.00091348,-0.012488,-0.021783,-0.0035652,-0.0029462,-0.0028331,-0.0020664,-0.0016624,-0.021442,-0.020501,-0.014477,-0.012087,-0.0082675,-0.0067987,-0.0081267
-0.010281,-0.0093677,-0.0080896,-0.0073266,-0.0056877,-0.0040544,-0.0028489,-0.0015388,0.00068864,0.003522,0.0059081,0.0067349,0.0065113,0.006128,0.0056371,0.0051323,0.0034283,0.0041599,-0.011976,-0.023169,-0.0033247,-0.0011309,-0.00019795,-0.00075671,-0.00054629,-0.01292,-0.014155,-0.010908,-0.013193,-0.014417,-0.0095325,-0.010576
-0.0088338,-0.0067578,-0.0051519,-0.0044837,-0.0029691,-0.0016465,-0.00078031,0.00069323,0.0032383,0.0059642,0.0081806,0.0084094,0.0068663,0.0056354,0.005087,0.0051902,0.00484,0.0019444,-0.0064038,-0.023106,-0.035118,-0.0013989,0.0032127,0.00087804,-0.0019659,-0.0062027,-0.01141,-0.010937,-0.014761,-0.015328,-0.014011,-0.010674
-0.0074399,-0.0050503,-0.0035572,-0.0025728,-0.00085364,0.00062206,0.0016491,0.0032465,0.0056829,0.0081707,0.010002,0.0092217,0.0062979,0.0044706,0.0037231,0.0039811,0.0055212,0.004327,0.0026938,-0.020698,-0.0073653,-0.0059394,0.0014825,0.0038388,0.0081277,2.6521e-06,-0.011137,-0.011048,-0.013231,-0.014554,-0.01333,-0.018195
-0.0066229,-0.0047505,-0.0034129,-0.0020613,5.3888e-05,0.0021035,0.0034796,0.0052506,0.0080329,0.010711,0.011353,0.0089223,0.0051919,0.0032317,0.0025079,0.0024797,0.0050728,0.0072217,0.0036341,-0.011064,-0.0068479,-0.0095794,-0.0048132,0.00153,0.0038397,0.0021395,-0.0043019,-0.010989,-0.012797,-0.017237,-0.015269,-0.022017
-0.0064335,-0.0046724,-0.003295,-0.0016807,0.00088077,0.0032769,0.0048039,0.0068644,0.010367,0.012983,0.011697,0.0076776,0.003835,0.0022426,0.0018611,0.0014105,0.0029338,0.0075909,0.0081749,0.0016203,-0.021916,-0.008758,-0.01015,-0.0064656,-0.00036679,0.0027977,0.003341,-0.0011681,-0.0065983,-0.013302,-0.012821,-0.020816
-0.0057787,-0.00419,-0.0026978,-0.00082642,0.0019439,0.0044147,0.0061557,0.0082534,0.011509,0.013345,0.010756,0.0063293,0.0027736,0.0015142,0.0014929,0.0010995,0.0012842,0.0046321,0.0086916,0.0052008,-0.0023123,-0.0078136,-0.0111,-0.01038,-0.0054321,0.00041409,0.002043,0.001232,-0.0010072,-0.0086244,-0.010927,-0.010364
-0.0045833,-0.0030805,-0.001772,3.8241e-05,0.0029267,0.0054863,0.0074645,0.0092168,0.011284,0.012132,0.0095323,0.0053739,0.0019902,0.00098809,0.0013501,0.001534,0.0015292,0.0026367,0.0050665,0.0045124,-0.0011206,-0.0071576,-0.010499,-0.0096434,-0.0066153,-0.0023606,0.00086609,0.0011653,0.00084177,-0.001779,-0.0014106,-0.0067114
-0.002991,-0.0014199,-0.00033908,0.0015501,0.0041929,0.0062359,0.0079649,0.0096075,0.010846,0.010763,0.0082037,0.0043409,0.0013472,0.00065133,0.0014425,0.0021968,0.0024487,0.0024258,0.0025428,0.0019218,-0.0010799,-0.0055852,-0.0086806,-0.0082996,-0.005662,-0.0024091,0.00074302,0.0017321,0.0016215,0.0021517,0.002183,0.0011118
-0.00094995,0.00070134,0.0017009,0.0035574,0.0054644,0.0065075,0.0077807,0.0096467,0.010542,0.0096978,0.0068934,0.0033748,0.0010493,0.0007439,0.0015933,0.0022664,0.0027077,0.0027231,0.0022714,0.0014804,-0.00053536,-0.0043576,-0.0074977,-0.0079387,-0.0055138,-0.0014972,0.0021155,0.0033513,0.0029063,0.0022698,0.0016537,0.00046513
0.0014361,0.0027346,0.0034098,0.004932,0.0061985,0.0067285,0.0077991,0.0094596,0.010042,0.008864,0.0060425,0.0028341,0.00098802,0.00074187,0.0013361,0.0017804,0.0025031,0.0034118,0.0033534,0.0024955,0.00062485,-0.0035732,-0.0072331,-0.0081065,-0.0060387,-0.0016242,0.0027999,0.0047285,0.0043638,0.0027092,0.00098473,0.00035593
0.0034943,0.0039964,0.0043062,0.0051608,0.0059811,0.0066336,0.0077339,0.0089902,0.0094251,0.008347,0.0056829,0.0025391,0.00056631,0.00017495,0.00069152,0.0012638,0.0023415,0.0039117,0.0046307,0.0040618,0.0022273,-0.0017559,-0.0061844,-0.0076819,-0.0063724,-0.0030995,0.0010789,0.0041122,0.0051864,0.0043256,0.0023973,0.0019163
0.0048096,0.0046526,0.0044999,0.004707,0.0051203,0.0058677,0.0070203,0.0080876,0.0086859,0.0078435,0.0053621,0.0024463,0.00027381,-0.00026859,0.00023899,0.00079514,0.001658,0.0031929,0.004832,0.0054303,0.0039906,0.00058944,-0.0039125,-0.006618,-0.0063965,-0.0046114,-0.0017237,0.0018185,0.0046084,0.0055636,0.0048701,0.0047011
0.00501,0.0044149,0.003933,0.0038318,0.003961,0.0045367,0.0056142,0.0069234,0.0078865,0.0072228,0.0051367,0.0027869,0.00065023,-0.00011504,4.8442e-05,9.6529e-05,0.000503,0.0018092,0.0037407,0.0055018,0.0051991,0.0025859,-0.001366,-0.0047819,-0.005932,-0.0050325,-0.0034662,-0.00061679,0.0027797,0.005244,0.0060859,0.0068115
0.0039321,0.0031873,0.0026463,0.0025369,0.0025829,0.0028758,0.0039009,0.0058148,0.0071826,0.0066108,0.0047989,0.0025692,0.00054379,-2.9369e-05,-0.00017978,-0.00050064,-0.00029139,0.00090569,0.0023984,0.0040099,0.0047089,0.0035889,0.00076838,-0.0024671,-0.0047153,-0.0045588,-0.0037821,-0.0019834,0.001212,0.0040956,0.0054273,0.0065264
0.0023487,0.001706,0.0013223,0.0011989,0.0012329,0.0014484,0.002632,0.0050037,0.0064738,0.005844,0.0037358,0.0010512,-0.00054831,-0.00050237,-0.00033766,-0.00068238,-0.00058398,0.00036907,0.0013066,0.002248,0.0032014,0.0034288,0.0018176,-0.00085618,-0.0034947,-0.003987,-0.0034599,-0.0022983,0.00070033,0.0033835,0.0044631,0.0052618
0.00092205,0.0006561,0.00062314,0.00039696,0.00036251,0.00073908,0.0021575,0.0043594,0.00553,0.0046708,0.0020483,-0.00083166,-0.0017727,-0.00076685,3.5095e-05,-0.00041037,-0.00085513,-0.00040318,0.00026556,0.0011541,0.0021505,0.0027183,0.0015566,-0.00074789,-0.0031848,-0.0039176,-0.003117,-0.0020044,0.00045042,0.0024238,0.0031553,0.003818
0.00010866,0.00027581,0.00035828,5.7477e-05,-4.2933e-05,0.00063692,0.0022077,0.0039382,0.004608,0.0033272,0.00051773,-0.0019355,-0.0021911,-0.00061881,0.00049122,-8.363e-05,-0.0010802,-0.0012446,-0.00075267,0.00041476,0.001633,0.0020256,0.00091689,-0.0011192,-0.0030788,-0.003962,-0.0031105,-0.001685,0.00012688,0.0015403,0.0019302,0.0022186
0.00057163,0.00062037,0.00053762,3.7386e-05,-4.1144e-05,0.00088221,0.0024137,0.0037436,0.0039656,0.0023851,-0.0003483,-0.002196,-0.0020125,-0.00061625,0.00024381,-0.00010222,-0.0011739,-0.0018362,-0.0016475,-0.00048393,0.0010668,0.0018905,0.0011506,-0.0010243,-0.003281,-0.0045213,-0.0038087,-0.002001,-3.0706e-05,0.0012712,0.001405,0.0010855
0.0018753,0.001568,0.0011194,0.0005375,0.00048864,0.0012909,0.0026198,0.0035534,0.0034042,0.0019327,-0.000265,-0.0016088,-0.0015074,-0.00074077,-0.00020694,-0.00037482,-0.0014679,-0.0024154,-0.0023692,-0.0014095,0.0001941,0.0019603,0.0023397,1.3313e-05,-0.0033021,-0.0054429,-0.0052197,-0.0030186,-0.00034442,0.0014047,0.0012472,0.00028382
0.0032813,0.0026116,0.0020561,0.0012841,0.0011015,0.0018087,0.0029452,0.0034472,0.0029797,0.0018663,0.00055643,-0.00036498,-0.00065505,-0.00062158,-0.00046924,-0.00089655,-0.0021169,-0.0029909,-0.0027968,-0.0020249,-0.00088446,0.0012767,0.0033485,0.002127,-0.0018357,-0.0049643,-0.0060987,-0.0043393,-0.0012082,0.0012881,0.0016019,0.00055144
0.0041833,0.0033862,0.0026896,0.0017654,0.0015246,0.0023663,0.0034429,0.0035327,0.0029343,0.0023587,0.0017443,0.00096165,0.00024956,-0.00027781,-0.000639,-0.0014601,-0.0026552,-0.0031889,-0.0027873,-0.0023923,-0.0019831,-2.4332e-05,0.0033513,0.0044212,0.00076361,-0.0035404,-0.0059642,-0.0053208,-0.0022733,0.00085718,0.0020425,0.0017052
0.0044302,0.0033532,0.0025474,0.0018275,0.0018838,0.0029594,0.0039298,0.0038228,0.0034305,0.0034023,0.0031014,0.0022036,0.0012084,0.00025495,-0.00062305,-0.0017618,-0.0029249,-0.003086,-0.0025929,-0.0025807,-0.0026906,-0.0012539,0.0022919,0.0051906,0.0027934,-0.0023109,-0.0054667,-0.0056151,-0.0031021,5.1822e-05,0.0020064,0.0025099
0.0040544,0.0023739,0.0014795,0.0013341,0.0020532,0.0033721,0.0042578,0.0042702,0.0043197,0.0046907,0.0044694,0.0035009,0.0023276,0.0010563,-0.00027917,-0.0017572,-0.0030368,-0.003034,-0.0023149,-0.002342,-0.0028399,-0.0022582,0.00027517,0.0035759,0.0031515,-0.001291,-0.0045826,-0.0053769,-0.0040252,-0.0013627,0.0011802,0.0023823
0.002656,0.00046868,-0.00019678,0.00045451,0.0018264,0.0035724,0.0047255,0.005081,0.0055081,0.0059679,0.0057505,0.0048148,0.0035006,0.002052,0.00040153,-0.0013228,-0.0027517,-0.0029388,-0.0023012,-0.0021083,-0.0025461,-0.0026737,-0.0015797,0.00088303,0.001932,-0.00098081,-0.0039124,-0.0050337,-0.0051164,-0.0034778,-0.00050604,0.0013943
0.00083177,-0.0012053,-0.0013275,-0.00021966,0.0015234,0.0038024,0.0053801,0.005962,0.0065961,0.0071235,0.0070507,0.0062122,0.004678,0.003064,0.0013572,-0.0003779,-0.0019249,-0.0028952,-0.0031547,-0.0029131,-0.002642,-0.0023827,-0.001968,-0.00082491,8.7149e-05,-0.0019406,-0.004342,-0.0051774,-0.005698,-0.0051413,-0.0026083,-0.00016869
0.00017553,-0.0013543,-0.0010983,7.8432e-05,0.001779,0.0041756,0.0056989,0.0060735,0.006851,0.0079624,0.008453,0.0076899,0.0058303,0.0039175,0.0021203,0.00045783,-0.0011945,-0.0030901,-0.0044943,-0.00429,-0.0031267,-0.0019163,-0.001576,-0.0017093,-0.0018833,-0.0035342,-0.005288,-0.0055404,-0.0058463,-0.0058339,-0.0041961,-0.0020952
0.00088671,-0.00028604,0.00019649,0.0013489,0.0027213,0.0045698,0.0052953,0.0052279,0.0063176,0.0084225,0.0097148,0.0091593,0.0069377,0.00444,0.0023476,0.00060748,-0.0011883,-0.0034722,-0.0050523,-0.0048075,-0.003336,-0.0017676,-0.0016342,-0.0025523,-0.0034951,-0.0049237,-0.0060232,-0.0058497,-0.0062298,-0.0064455,-0.005304,-0.0036919
0.0018664,0.0012272,0.0018445,0.002792,0.003707,0.0045401,0.0043598,0.0040941,0.0057013,0.0085727,0.010692,0.010603,0.0079257,0.004624,0.0020596,0.00012785,-0.0017378,-0.0038292,-0.0048682,-0.0044451,-0.0031336,-0.001944,-0.0020416,-0.0031792,-0.0046038,-0.0060173,-0.0067823,-0.0063326,-0.0065347,-0.0069424,-0.0060481,-0.004865
0.0029908,0.00302,0.0036693,0.0043642,0.0047053,0.0044282,0.0035042,0.003345,0.0052828,0.0085979,0.01136,0.011667,0.0086725,0.0047964,0.0018506,-0.00022286,-0.0022257,-0.0040902,-0.0045848,-0.0039565,-0.0030441,-0.0023325,-0.0024735,-0.0035828,-0.0051939,-0.0067722,-0.0074989,-0.0068388,-0.0065609,-0.006629,-0.0058469,-0.0050763
0.0042362,0.0047672,0.005491,0.0057069,0.0054197,0.004387,0.0031269,0.0029874,0.0050626,0.0087238,0.012075,0.012494,0.0093728,0.0052741,0.001967,-0.00027199,-0.002518,-0.004371,-0.0045838,-0.0038724,-0.0032667,-0.0028488,-0.0027595,-0.0034463,-0.0048243,-0.0064309,-0.0075314,-0.0069533,-0.0064689,-0.0062278,-0.0053935,-0.0047563
0.0051447,0.0058578,0.0062558,0.0058211,0.0050393,0.0038829,0.002918,0.0029222,0.0051611,0.0095855,0.013363,0.013518,0.010264,0.0061547,0.0024134,-0.00017922,-0.0027333,-0.004821,-0.0051239,-0.0045345,-0.0040278,-0.003349,-0.002772,-0.002523,-0.0032785,-0.004976,-0.0068024,-0.0068193,-0.0063928,-0.0059304,-0.0048696,-0.0038842
0.0058936,0.0059662,0.0056068,0.0045282,0.0033871,0.0027124,0.0024682,0.002852,0.0057781,0.011255,0.01512,0.014627,0.011382,0.0072315,0.0030259,-5.2821e-05,-0.0029708,-0.0054898,-0.0062022,-0.0059197,-0.0052851,-0.0040187,-0.0026368,-0.0014579,-0.0013217,-0.002899,-0.0054071,-0.0062749,-0.0058286,-0.0053269,-0.004054,-0.0025653
0.0070733,0.0057905,0.0043198,0.002515,0.0013083,0.0013066,0.0015735,0.0025705,0.006968,0.013527,0.016932,0.015892,0.012474,0.007909,0.0032865,-0.0001188,-0.0032692,-0.0060784,-0.007216,-0.0073543,-0.0066115,-0.0046174,-0.0025356,-0.0008731,-5.3914e-05,-0.00062545,-0.0027051,-0.0042528,-0.0041676,-0.0039744,-0.0030544,-0.0014375
0.0083159,0.0054969,0.0031197,0.00060923,-0.00051021,8.0713e-05,0.00085643,0.0026092,0.0089749,0.016271,0.01899,0.017598,0.013443,0.0079045,0.0028926,-0.00062463,-0.0038051,-0.0065154,-0.0076984,-0.0080347,-0.0073372,-0.0049296,-0.0025746,-0.001048,0.00020726,0.0011795,0.0006116,-0.0012707,-0.0023495,-0.002697,-0.002361,-0.00075974
0.0081705,0.0048231,0.0018659,-0.0010301,-0.0015416,-0.0001579,0.0011713,0.0038149,0.011477,0.01836,0.020412,0.019011,0.013921,0.0074356,0.0023055,-0.0012088,-0.0043747,-0.0068618,-0.0077271,-0.0078058,-0.0070344,-0.0047612,-0.002668,-0.001738,-0.00040233,0.0015826,0.0025195,0.00095559,-0.0014362,-0.0023347,-0.0021473,-0.00074454
0.0075175,0.0041862,0.0008363,-0.0014625,-0.00091248,0.0011098,0.00292,0.0062808,0.013866,0.019358,0.020584,0.019294,0.013739,0.0068018,0.0018719,-0.0014193,-0.0044396,-0.0066764,-0.007166,-0.0069554,-0.0060703,-0.0041089,-0.0023538,-0.0019664,-0.0013031,4.4059e-05,0.001439,0.00086914,-0.0016224,-0.0025679,-0.0020531,-0.0011725
0.0071265,0.0036666,0.00036142,-0.00072207,0.00080069,0.0030744,0.0050191,0.0086201,0.015465,0.019612,0.020279,0.018933,0.013261,0.0061764,0.0014204,-0.0015163,-0.0040114,-0.005967,-0.0064342,-0.0061709,-0.0052146,-0.003355,-0.0013573,-0.00085503,-0.0013564,-0.0019826,-0.0010774,-0.00054621,-0.0021838,-0.0030611,-0.0023211,-0.0017208
0.0067887,0.0030626,0.00031155,0.00033869,0.0023479,0.0046864,0.0066009,0.010215,0.016119,0.01948,0.020111,0.018527,0.012729,0.0056233,0.0010691,-0.0015154,-0.0036773,-0.0055456,-0.0061445,-0.0058917,-0.0047774,-0.0027839,-0.00010394,0.00091053,-0.00066344,-0.0029621,-0.0030671,-0.002174,-0.0028684,-0.0037087,-0.0031293,-0.0023033
0.0067258,0.0029253,0.00074821,0.0014851,0.0036285,0.0058783,0.0081389,0.011546,0.015953,0.018641,0.019441,0.017556,0.011697,0.0051081,0.0010936,-0.0013317,-0.0036815,-0.0056921,-0.0063658,-0.0059296,-0.0045242,-0.002333,0.00077392,0.0022425,0.00030059,-0.0025714,-0.0035665,-0.0030412,-0.0035564,-0.0045561,-0.0041399,-0.0027353
0.0069871,0.0032954,0.001832,0.0029868,0.0049697,0.0070797,0.0094621,0.012266,0.015305,0.017483,0.018221,0.016025,0.010465,0.0046721,0.0011999,-0.0012212,-0.0037806,-0.0058984,-0.006533,-0.0059677,-0.0044266,-0.0018367,0.0014409,0.0031108,0.0017115,-0.00072889,-0.0020981,-0.0024433,-0.0036577,-0.0054334,-0.0051129,-0.0032886
0.0074526,0.0042642,0.0035725,0.004792,0.0063766,0.00793,0.0096656,0.011852,0.014569,0.016617,0.017021,0.014766,0.0097565,0.0045187,0.0012314,-0.0013088,-0.0038896,-0.0060019,-0.0067235,-0.006319,-0.0045816,-0.0013266,0.0021824,0.0038294,0.003101,0.0014769,0.00017091,-0.0012797,-0.0033062,-0.0054147,-0.0056357,-0.0039575
0.0081614,0.0058029,0.0056024,0.0065573,0.0075604,0.0082788,0.0090481,0.010939,0.013796,0.015592,0.015676,0.013965,0.0095662,0.0044952,0.0013027,-0.0012659,-0.0039181,-0.0062666,-0.007104,-0.0066341,-0.0047015,-0.0011221,0.0027003,0.0044509,0.0040765,0.0029628,0.0016427,-0.00060688,-0.003079,-0.004863,-0.0054745,-0.0042907
0.0085951,0.0073986,0.0076863,0.0081338,0.0083662,0.0084724,0.0086144,0.010244,0.012962,0.014388,0.014609,0.013495,0.0090294,0.0040225,0.0012862,-0.0011667,-0.0040423,-0.0065513,-0.0071117,-0.0062732,-0.0045674,-0.0015041,0.0022951,0.0046195,0.0045867,0.0037137,0.0024024,-0.00013709,-0.0028381,-0.0042436,-0.0048521,-0.004015
0.008613,0.0086977,0.0092734,0.0089783,0.008384,0.0081301,0.0081688,0.0096127,0.012097,0.013538,0.014221,0.012965,0.0080025,0.0030656,0.00086305,-0.0012878,-0.0040758,-0.0062996,-0.0065466,-0.0058137,-0.0048039,-0.0025127,0.0010026,0.0040318,0.0049701,0.0046126,0.0035368,0.0010513,-0.0020261,-0.0035197,-0.004158,-0.0035479
0.0082945,0.0087888,0.0093514,0.0085704,0.0075484,0.0071115,0.0072573,0.0087719,0.011177,0.013075,0.014133,0.012263,0.0068025,0.0021993,0.0005937,-0.0013492,-0.0038879,-0.0058434,-0.0062783,-0.0060023,-0.0054064,-0.0034795,-0.00023234,0.0032224,0.0053257,0.0057716,0.0049083,0.0023689,-0.00092528,-0.0027465,-0.0033781,-0.0030246
0.0080204,0.0080273,0.0081496,0.0074974,0.0066561,0.0062036,0.0063806,0.0082001,0.010807,0.012835,0.013807,0.011429,0.0059307,0.0020237,0.00078722,-0.0012278,-0.0037726,-0.0058969,-0.0066461,-0.0064341,-0.005517,-0.0035613,-0.00060975,0.0028006,0.0054691,0.0064162,0.0056956,0.0032403,0.00037992,-0.0013831,-0.0021421,-0.0022264
0.0077623,0.0073172,0.0067642,0.0059464,0.0055741,0.005423,0.0056391,0.0075832,0.010463,0.012337,0.012953,0.01063,0.005544,0.0020876,0.0009752,-0.0011046,-0.0037259,-0.006143,-0.0071405,-0.0067263,-0.005539,-0.003392,-0.0003188,0.0029497,0.005379,0.0063715,0.0061619,0.0044183,0.0022201,0.00037644,-0.00075902,-0.0013991
0.0071322,0.0063745,0.0049544,0.0036891,0.0037726,0.0042484,0.0045065,0.0062678,0.0093851,0.011497,0.012161,0.0101,0.005157,0.0019451,0.00099279,-0.00091375,-0.0036527,-0.006447,-0.0076483,-0.0071903,-0.0059792,-0.0034742,0.00016144,0.0034249,0.0053976,0.0062976,0.0066961,0.0058258,0.0040023,0.0019536,0.00027002,-0.00077434
0.0052297,0.0040999,0.0023222,0.0012082,0.0017267,0.0029206,0.0034666,0.0049579,0.0081709,0.010595,0.01165,0.0097926,0.0048114,0.0019629,0.0012578,-0.00087889,-0.004067,-0.0070476,-0.0080509,-0.0074624,-0.0061123,-0.0032111,0.00071161,0.0039798,0.0057078,0.006437,0.0068833,0.0064132,0.0049447,0.0029815,0.00084553,-0.00037419
0.0012547,0.00016527,-0.0007855,-0.00096672,9.7444e-05,0.0016832,0.0026213,0.0041034,0.0072067,0.0097766,0.011132,0.0094573,0.0046647,0.0021541,0.0014757,-0.0013192,-0.0051009,-0.0077009,-0.0081657,-0.0074232,-0.0058327,-0.0026726,0.0011545,0.0042907,0.0060018,0.0065203,0.0065214,0.0060378,0.0050429,0.0035768,0.0015419,0.00027838
-0.0044556,-0.0040864,-0.0036598,-0.0026742,-0.0012315,0.00026345,0.0013991,0.0030624,0.0062552,0.0091439,0.010696,0.0090706,0.0045504,0.0021806,0.0012702,-0.0019686,-0.0056867,-0.007685,-0.0081453,-0.0077177,-0.0058373,-0.0025015,0.0011583,0.0042781,0.0061761,0.0067049,0.0064547,0.0059279,0.0052717,0.0042376,0.0025759,0.0012531
-0.010752,-0.0073417,-0.0053453,-0.0035722,-0.0021288,-0.00081665,0.00040352,0.002234,0.005692,0.0091112,0.010656,0.0085774,0.004285,0.001974,0.0007611,-0.0024808,-0.0056236,-0.0073727,-0.0082697,-0.0080293,-0.0058003,-0.0025349,0.00095375,0.004155,0.0062109,0.0069186,0.0068404,0.0064923,0.0059578,0.0048529,0.003652,0.0024009
-0.014693,-0.0086426,-0.0053358,-0.0033649,-0.0022433,-0.0011657,5.1128e-05,0.0021243,0.0058428,0.0094931,0.010672,0.0078709,0.003793,0.0017818,0.00048874,-0.0029073,-0.0060186,-0.0076583,-0.0083192,-0.0077851,-0.0057039,-0.0028173,0.00072713,0.0040988,0.0060979,0.0069498,0.0072114,0.0071628,0.0066925,0.0054416,0.0045176,0.0036052
-0.013041,-0.0080258,-0.0042455,-0.0025689,-0.0020375,-0.0015468,-0.00068178,0.0018621,0.0061829,0.0096482,0.010138,0.007106,0.003306,0.0015927,0.00031917,-0.0032839,-0.0067022,-0.008152,-0.0083655,-0.0079369,-0.0065771,-0.0038044,0.00029407,0.0038847,0.0056844,0.0066846,0.0074742,0.0079005,0.007482,0.0062824,0.005536,0.0046845
-0.0072068,-0.005027,-0.0027884,-0.0024021,-0.0026397,-0.0023597,-0.0014967,0.0018505,0.0069081,0.0098709,0.0095202,0.0066399,0.0031775,0.0014729,6.9473e-05,-0.0034812,-0.0069715,-0.0084939,-0.0090113,-0.0091654,-0.0080922,-0.0047116,1.5278e-05,0.0034927,0.0052192,0.0064296,0.0076297,0.008649,0.0084683,0.0074331,0.0065195,0.0054022
-0.0010926,-0.00029254,-0.00073718,-0.0022443,-0.0032274,-0.0025696,-0.00069709,0.0034971,0.0086617,0.010645,0.0092317,0.0064382,0.003345,0.0015919,-3.9404e-05,-0.0037991,-0.0073063,-0.0092714,-0.010375,-0.010571,-0.0089663,-0.0050094,-0.00025132,0.0030944,0.0049867,0.0062733,0.0074269,0.0086878,0.0091756,0.0084947,0.0072404,0.0059268
0.0072267,0.0023566,0.0015187,-0.00077969,-0.0024641,-0.0015908,0.0013256,0.006112,0.010364,0.011106,0.0089849,0.0060265,0.0032045,0.0018613,0.00032655,-0.0040198,-0.0079478,-0.010131,-0.011541,-0.01162,-0.0096812,-0.0058053,-0.0010101,0.0026609,0.0048375,0.0059649,0.0068204,0.0080859,0.0091342,0.0090049,0.0078507,0.006452
0.011723,0.010085,0.0019612,0.00062099,-0.0004561,0.00025575,0.0032461,0.0077375,0.010859,0.011069,0.0089374,0.0056585,0.0028902,0.0020026,0.00076299,-0.0039549,-0.0080572,-0.010112,-0.011935,-0.012502,-0.010898,-0.006984,-0.0017515,0.0023406,0.0045712,0.0055249,0.0063648,0.0077157,0.0088546,0.0089179,0.0083971,0.0071295
0.010919,0.0087702,0.0016252,0.0020622,0.0024484,0.0036288,0.006236,0.0094708,0.011201,0.011081,0.0090445,0.005741,0.0028984,0.0020113,0.00078697,-0.0040434,-0.0079777,-0.010046,-0.012362,-0.013456,-0.0116,-0.0070954,-0.0016645,0.0021864,0.0040021,0.0050141,0.0062591,0.0076614,0.0085088,0.0085532,0.0085888,0.0076933
0.0065407,0.0032159,0.00023508,0.0015891,0.0048836,0.0073757,0.0099356,0.011524,0.011182,0.0099573,0.0079722,0.0053569,0.0028907,0.0020272,0.00086308,-0.0036066,-0.007873,-0.0106,-0.01289,-0.013992,-0.011697,-0.0068423,-0.0016199,0.0017529,0.0032199,0.0043716,0.0058315,0.0071875,0.0077542,0.0078366,0.0079336,0.0071705
-0.0035448,-0.0049973,-0.004259,0.00288,0.004023,0.0073279,0.0098202,0.010214,0.0089086,0.0073533,0.0057665,0.0041894,0.0024828,0.0020499,0.001241,-0.0028124,-0.0075578,-0.010581,-0.012467,-0.013635,-0.011692,-0.0070028,-0.0020357,0.001043,0.0024098,0.0035117,0.0047941,0.0062478,0.0071327,0.0072659,0.0068806,0.0058212
-0.0085623,-0.0069899,-0.0068931,0.0011667,0.012535,0.025297,0.0047657,0.0053074,0.0053188,0.0050657,0.0041175,0.0030531,0.0019382,0.0021558,0.0017299,-0.0022975,-0.0071489,-0.0099593,-0.011798,-0.013167,-0.011447,-0.006598,-0.0018667,0.00076837,0.0018533,0.0026776,0.0036235,0.0051128,0.0064741,0.0067543,0.0058369,0.004313
-0.010265,-0.0091387,-0.0071599,-0.0029973,0.0031491,0.0090673,0.0017065,0.0019927,0.002851,0.0037638,0.0031982,0.0022427,0.0015557,0.0024263,0.002198,-0.0023812,-0.0073668,-0.0103,-0.012501,-0.013541,-0.011106,-0.0059544,-0.0015111,0.00060626,0.0012729,0.0016931,0.0023262,0.0036638,0.0051173,0.0054272,0.0045884,0.003217
-0.0052954,-0.008177,-0.0087195,-0.0040686,1.821e-05,0.003337,0.0044495,0.00071969,0.0015077,0.0027557,0.0025533,0.0017334,0.0014608,0.0029466,0.0028654,-0.0021686,-0.0075929,-0.010742,-0.013071,-0.013408,-0.010485,-0.0058828,-0.0021125,-0.00036153,0.00020756,0.00036222,0.00075379,0.0019655,0.0033032,0.003721,0.0034261,0.0025959
0.0020685,-0.0035779,-0.0069948,-0.0033575,0.00059893,0.0041166,0.0074396,0.00094705,0.00091436,0.0019357,0.0024065,0.0017644,0.0017026,0.0034253,0.0031754,-0.0021651,-0.0075141,-0.010209,-0.01236,-0.012391,-0.0095733,-0.0058986,-0.002815,-0.001183,-0.00090441,-0.0012447,-0.00096745,0.00025477,0.0015242,0.0022511,0.0026388,0.0021289
0.0077025,0.0036691,-0.00018955,-0.00020812,-9.9715e-05,0.0040434,0.0073492,0.0099985,0.0016248,0.0021454,0.0024848,0.0018471,0.0019595,0.0037339,0.0033517,-0.0024973,-0.0078689,-0.0099122,-0.012224,-0.01262,-0.0096241,-0.0059394,-0.0029571,-0.0014836,-0.0018033,-0.0026484,-0.0024149,-0.0012907,-0.00032207,0.00056176,0.0015242,0.0013461
0.0058529,0.00068424,0.00099422,8.3481e-05,-0.0018606,-0.00050322,0.0072347,0.015965,0.0025326,0.0019854,0.0017477,0.0017088,0.002161,0.0040871,0.0040334,-0.0021744,-0.0082672,-0.010077,-0.01226,-0.013119,-0.01024,-0.0063038,-0.003407,-0.0025943,-0.0034132,-0.0038814,-0.0032492,-0.0026679,-0.0022526,-0.0012935,-8.5948e-05,0.00012725
2.6242e-05,9.5157e-05,0.00017461,-0.0017941,-0.0036977,-0.0016358,0.0084274,0.015273,0.0021147,0.00079969,0.00077551,0.0016667,0.0024414,0.0043847,0.0046321,-0.001232,-0.0075394,-0.0095772,-0.011306,-0.012396,-0.010171,-0.0063489,-0.0039054,-0.004077,-0.0053198,-0.0052041,-0.0041949,-0.0040919,-0.0041282,-0.0028853,-0.001534,-0.0013465
-0.0015931,-0.0013568,-0.0011652,-0.0028125,-0.0036291,-0.0014811,0.0078498,0.01286,0.0010792,-0.00025467,0.00025574,0.0012551,0.0024456,0.0043785,0.0045607,-0.00073272,-0.0072401,-0.009973,-0.011239,-0.01242,-0.010695,-0.0065924,-0.0039617,-0.0045623,-0.0062301,-0.0066598,-0.0060834,-0.0060095,-0.0059188,-0.0045093,-0.0029048,-0.0024917
-0.0018451,-0.0014139,-0.00093393,-0.0016247,-0.0013702,-0.00052689,0.013206,0.015453,0.0028354,-0.00068526,-9.2464e-05,0.00072084,0.0022144,0.0045742,0.0050727,0.00011008,-0.0068654,-0.010182,-0.011593,-0.013625,-0.012769,-0.008015,-0.0043413,-0.0047259,-0.0068642,-0.0081333,-0.0081424,-0.0075583,-0.0072281,-0.0065308,-0.0051525,-0.0037346
-0.00060505,-2.0198e-05,0.00060673,0.00060328,0.0012227,0.010693,0.0032605,0.002704,0.001488,-0.00028252,0.00047655,0.0011453,0.0027078,0.0049758,0.0058927,0.0018353,-0.0049548,-0.0090458,-0.011018,-0.013696,-0.014103,-0.009435,-0.0051904,-0.0057343,-0.0081515,-0.009357,-0.0091186,-0.0080457,-0.0077832,-0.0082251,-0.0076773,-0.0057016
0.00050696,0.00036522,0.0012668,0.0023993,0.0029064,0.0029779,0.0026114,0.00082983,-0.0026654,0.0024392,0.0016472,0.0025526,0.0035316,0.0048005,0.0057149,0.0024854,-0.0044514,-0.0095385,-0.011982,-0.014244,-0.01487,-0.010061,-0.0052364,-0.0053069,-0.0078018,-0.0093011,-0.0092779,-0.0083595,-0.0081442,-0.0086055,-0.0085434,-0.007216
0.0011687,0.00060072,0.0013207,0.0028064,0.0029131,0.001741,-0.00037416,-0.0018091,-0.0056668,0.0087916,0.012847,0.0027025,0.0030648,0.0045999,0.0060964,0.0031358,-0.0047795,-0.011428,-0.014301,-0.016787,-0.018671,-0.014122,-0.0071348,-0.0040435,-0.0047401,-0.0071047,-0.0087574,-0.0088567,-0.0088512,-0.0084558,-0.0075571,-0.0072909
0.0060503,0.0072958,0.0018493,0.0031325,0.0021575,-0.00040548,-0.0024821,-0.0031306,-0.0010352,0.0018381,0.0022787,0.0090138,0.0031849,0.0059818,0.0074738,0.0042875,-0.0027426,-0.0080301,-0.010016,-0.013133,-0.018349,-0.019438,-0.013298,-0.0065924,-0.0035339,-0.0039429,-0.0052101,-0.00654,-0.0080412,-0.0084376,-0.0068874,-0.0065609
0.0012911,0.0081428,0.0079496,0.0035224,0.0016985,-0.0013262,-0.002641,-0.0024633,0.00024805,0.0030428,0.0014122,0.012809,0.005054,0.0074996,0.0066293,0.0028192,-0.00040404,-0.0013213,-0.005382,-0.001856,-0.0063851,-0.012489,-0.015189,-0.011673,-0.0055833,-0.0020867,-0.00054317,-0.0012798,-0.0043336,-0.0073373,-0.0065701,-0.0048823
0.00057348,0.0012576,0.0021184,0.0025087,0.00077589,-0.0013935,-0.0020288,-0.0011416,0.00243,0.0052849,0.0030646,0.0032335,0.0052546,0.004865,0.0015417,-0.0099959,-0.013299,-0.00791,0.0027984,0.0037124,0.0033277,-0.00027116,-0.0039505,-0.008047,-0.0068596,-0.0031516,-0.00040803,0.0012617,-8.0871e-05,-0.0034973,-0.0039234,-0.0010681
-0.00030953,0.00020314,0.00014989,6.1025e-05,-0.00089198,-0.0017324,-0.0015116,-0.00035394,0.0040517,0.0073939,0.0034417,0.01239,0.0092866,-0.0013036,-0.017334,-0.032089,-0.024836,-0.0079331,-0.00084608,-0.00069487,0.0062929,0.0059293,0.00087482,0.00014732,-0.0020237,-0.0025406,-0.0018606,0.0011423,0.0031009,0.0025605,0.0038778,0.0071743
-0.0006275,-0.00086582,-0.0013957,-0.0019377,-0.0027774,-0.0027546,-0.0015643,-0.00019666,0.0038421,0.0064953,0.008152,-0.0037679,-0.0097086,-0.01317,-0.020878,-0.018179,-0.0058409,-0.00099845,-0.0058244,-0.018188,-0.0080859,0.0085052,0.0050151,0.002562,0.002157,0.0026319,0.0035549,0.005066,0.0079604,0.0098042,0.010294,0.010556
0.00014948,-0.00037587,-0.0012117,-0.0026856,-0.0044421,-0.004062,-0.0019791,-0.00030579,0.0020146,0.0028744,-0.0040586,-0.017879,-0.02186,-0.013392,-0.0064859,-0.00033411,0.0020173,0.002583,-0.0022939,-0.013168,-0.012618,-0.0032564,9.1608e-05,-0.00050883,0.0036052,0.0048326,0.0080202,0.0084258,0.0075779,0.0070893,0.0064738,0.0056823
0.0015947,0.0008653,3.85e-05,-0.0016334,-0.0042738,-0.0042062,-0.0016719,0.0001746,0.00063445,0.00023681,-0.011818,-0.01829,-0.012712,-0.0047316,-0.00027336,-7.4325e-05,-0.0013619,-0.00029557,0.0015586,-0.00061936,-0.0022252,-0.00647,-0.0099322,-0.0061835,-0.0019582,0.0019613,0.0044725,0.0051378,0.0040894,0.0039222,0.0040177,0.022033
0.0026582,0.0017687,0.0011638,8.0276e-05,-0.0018261,-0.0017673,5.4997e-05,0.0011592,0.00060015,-0.00031523,-0.0060028,-0.0052871,-0.0046339,-0.0024871,-0.0018478,-0.0034691,-0.0041388,-0.001151,0.0037435,0.0064519,0.0059257,0.0030753,-0.0059408,-0.0066945,-0.0081558,-0.0058553,-0.0041968,0.0025073,0.0057579,0.0083465,0.020874,0.022662
0.0027228,0.0020088,0.0015436,0.0012759,0.0010853,0.0013632,0.0016654,0.0015483,0.0012039,0.0008322,0.0039648,0.00087738,-0.00090028,-0.0026897,-0.0034646,-0.0041411,-0.0019481,0.00038251,0.0021513,0.004689,0.0081068,0.012194,0.011498,0.0053737,-0.0068602,-0.01107,-0.012196,-0.0057512,0.0012194,0.0073242,0.0088106,0.0070577
0.0023366,0.0018516,0.0013761,0.0017202,0.0027899,0.0031098,0.0023253,0.0014059,0.0015273,0.0020209,0.0013887,0.0026445,-0.002317,-0.0052836,-0.0064455,-0.0043171,-0.00095219,0.0019115,0.0021155,0.0045066,0.0090261,0.014994,0.018832,0.015737,0.012124,-0.001363,-0.0057064,-0.0043437,-0.0013258,0.0021328,0.0042821,0.0042195
0.0018772,0.0013643,0.0011425,0.0017401,0.0028517,0.0031303,0.0022993,0.0013392,0.0010499,0.0013595,0.0058184,1.1641e-05,-0.0062017,-0.0073953,-0.0056114,-0.0032443,-0.001465,0.0018895,0.0047401,0.0073921,0.009695,0.012073,0.015069,0.017267,0.020673,0.019733,0.012726,0.0066978,0.0035461,0.0060465,0.012082,0.01043
0.0016523,0.0011018,0.0012672,0.0016686,0.0020185,0.0021072,0.0018703,0.0012299,-0.00020843,-0.0011855,-0.00057747,-0.003164,-0.0058715,-0.004062,0.0022228,0.0017128,-0.00094145,0.0016185,0.0056071,0.008309,0.0099723,0.011442,0.013025,0.017157,0.021396,0.027668,0.031725,0.023556,0.015187,0.013148,0.014948,0.010708
0.0018448,0.0013902,0.001624,0.0015787,0.0011981,0.00095712,0.0011043,0.00065951,-0.0017122,-0.003887,-0.0027066,-0.00067009,-0.0033436,0.0012333,0.0087863,0.0060338,-0.00051251,0.00036572,0.0052888,0.0078088,0.010249,0.014175,0.018592,0.019551,0.021485,0.023662,0.032794,0.031965,0.019343,0.0094848,0.0090006,0.010483
